Matter	DCB	Ttl Size (GB)	Ttl Files Present	Ttl Files Missing	Backup Done	DB Size(B)	DB Files	Natives Size(B)	Natives Present	Natives Missing	Images Size(B)	Images Present	Images Missing
2383.000014	X:\002383\000014\Standard_Oppenheimer_Opposing_Production\OPPOSING_PRODUCTION.DCB	59342797	490	0	1	3476821	29	25192716	38	0	30673260	423	0
2383.000014	X:\002383\000014\Standard_Oppenheimer_Email_Review_DB_Vol_II\EMAIL_REVIEW_DB_2.DCB	1357668	17	0	1	1357668	17			0			39580
2423.000002	X:\002423\000002\SOMPO_HARDCOPY_REVIEW_DB\SOMPO_HARDCOPY_REVIEW_DB.DCB	6437188	189	0	1	2198608	33	173561	2	0	4065019	154	0
2423.000002	X:\002423\000002\Sompo_Transactions_Native_Review_DB\SOMPO_TRANSACTIONS_NATIVE_REVIEW_DB.DCB	38870563	646	0	1	4138478	35	21017107	245	0	13714978	366	0
2510.000004	X:\002510\000004\McKinsey_New_Stream_McKinsey_Review_DB\MCKINSEY_REVIEW_DB.DCB	456253073	8188	0	1	24466092	31	50759393	943	0	381027588	7214	0
2514.00001	X:\002514\000010\WTC_Vitro_Litigation_USBank_Production\USBANK_PRODUCTION.DCB	8253164242	94727	0	1	273435894	27	343552	2	0	7979384796	94698	0
2749.000001	X:\002749\000001\SOLARRE_Production\SOLARRE_REVIEW.DCB	768517459	5652	0	1	23109613	32	541890425	1214	0	203517421	4406	0
2749.000001	X:\002749\000001\LSE_Production\LSE_PRODUCTION.DCB	279971759	4080	0	1	19226066	33	75545033	153	788	185200660	3894	0
2813.000001	X:\002813\000001\CX_Exhibits\CX_001.DCB	63640487792	257787	0	1	452207915	28			0	63188279877	257759	0
2943.000002	X:\002943\000002\HL_Review\PAUL_WEISS\RIM_RESPONSIVE.DCB	6710983	18	0	1	6710983	18			0			
2943.000002	X:\002943\000002\HL_Review\PrivilegeLog\RIM_BIDCO_PRIVILEGE_LOG.DCB	235096358	3395	0	1	17686907	33	98849679	482	0	118559772	2880	0
2943.000002	X:\002943\000002\HL_Review\TO_Client_20111020\BIDCO_REVIEW.DCB	200663399	3097	0	1	8120140	29	88875543	523	12	103667716	2545	0
2943.002944	X:\002943\002944\000001\HL_Production\HRG_PROD.DCB	1298986	25	0	1	1298986	25			519			
3156.000001	X:\003156\000001\SKULLCANDYPROD002\SKULLCANDYPROD002.DCB	80150017	17	0	1	80150017	17			0			43951
3540.000103	X:\003540\000103\Plaintiff_Document_Productions - Copy\PLAINTIFF_DOCUMENT_PRODUCTIONS.DCB	0	0	0	1								
3540.000114	X:\003540\000114\Nissan_Production\NISSANV10.DCB	110588512	31	0	0	110588512	31						
3540.000114	X:\003540\000114\Ford_Production\FORD_PRODUCTION.DCB	135240297	662	0	1	2398673	24			0	132841624	638	0
3540.000114	X:\003540\000114\Fujitsu_Ten_Corp_Of_America\FUJITSU_TEN_CORP_OF_AMERICA.DCB	1249454	25	0	1	1249454	25			0			
3540.000114	X:\003540\000114\Hertz_Production\HERTZ_PRODUCTION.DCB	630775891	2686	0	1	10121571	26			0	620654320	2660	0
3540.000114	X:\003540\000114\Honda_Production\HONDA_PRODUCTION.DCB	8132099588	27514	0	1	73952354	28	5487618727	405	0	2570528507	27081	0
3540.000114	X:\003540\000114\Hyundai_Mobis_Alabama_LLC_&_Georgia_USA\HYUNDAI_MOBIS_ALABAMA_LLC_&_GEORGIA_USA.DCB	17261567	153	0	1	677563	25			0	16584004	128	0
3540.000114	X:\003540\000114\Navsol_Production\NAVSOL_PRODUCTION.DCB	438359380	5042	0	1	12094216	18			0	426265164	5024	0
3540.000114	X:\003540\000114\Nissan_Production\NISSAN_PRODUCTION.DCB	17233827948	78325	0	1	110588512	31	364598142	293	0	16758641294	78001	0
3540.000114	X:\003540\000114\Porsche_Production\PORSCHE_PRODUCTION.DCB	1655083175	1804	0	1	5860056	26			0	1649223119	1778	0
3540.000114	X:\003540\000114\Robert_Bosch_LLC\ROBERT_BOSCH_LLC.DCB	1288433979	3099	0	1	17411041	25			0	1271022938	3074	0
3540.000114	X:\003540\000114\Sanyo\SANYO.DCB	739377	18	0	1	739377	18			0			
3540.000114	X:\003540\000114\U-blox_America_Production\U-BLOX_AMERICA_PRODUCTION.DCB	1511828	42	0	1	249891	16			0	1261937	26	0
3540.000114	X:\003540\000114\Mercedes_ITC_Review\MERCEDES_ITC_REVIEW.DCB	3021405238	14121	0	1	40845755	32	2426880	8	0	2978132603	14081	121
3540.000114	X:\003540\000114\MiTAC_Production\MITAC_PRODUCTION.DCB	2397026141	31954	0	1	115430595	18			0	2281595546	31936	0
3540.000114	X:\003540\000114\Suzuki_Production\SUZUKI_PRODUCTION.DCB	48482470	248	0	1	9471524	27			0	39010946	221	3550
3540.000114	X:\003540\000114\Mercedes_ITC_Production\MERCEDES_ITC_PRODUCTION.DCB	3095942368	14625	0	1	42471224	33			0	3053471144	14592	0
3866.000002	X:\003866\000002\Tenor_ESI_Review_Database\ESI_REVIEW.DCB	3714212679	55965	0	1	347097897	36	570091775	8836	3	2797023007	47093	27870
19061.00001	X:\019061\000005\CoCounsel_Production\TRANS1_CO_COUNSEL_PRODUCTION.DCB	2261386915	20456	0	1	15427615	29	1480308500	5226	0	765650800	15201	0
19061.00001	X:\019061\000005\PROD1\1DOJTRANS1_PROD001.DCB	23872011	25	0	1	23872011	25			0			
19061.00001	X:\019061\000005\PROD3\1DOJTRANS1_11_PROD003.DCB	108698	14	0	1	108698	14			0			
19061.00001	X:\019061\000005\PROD4\1DOJTRANS1_PROD004.DCB	13172978	22	0	1	13172978	22			0			
19199	X:\019199\000002\EDD\ASMIT.DCB	933079182	11	0	1	933079182	11			0			
19337.0001	X:\019337\000102\Office_Depot_Climo_Email_Review_DB\EMAIL_REVIEW_DB.DCB	6314255999	90481	0	1	403087455	31	1327611383	3957	0	4583557161	86493	3
19582.00002	X:\019582\000017\Arbitration\NICOR001.DCB	44355025045	301326	0	1	1750831819	38	4128822253	15268	51	38475370973	286020	0
19582.00002	X:\019582\000017\CVGS_PRODUCTION\CVGS_PRODUCTION.DCB	22957285972	110941	0	1	646802713	30	4975437478	16389	6	17335045781	94522	0
19582.00002	X:\019582\000017\Nicor_Arbitration\XXNICOR001.DCB	703109109	38	0	1	703109109	38			0			
19582.00002	X:\019582\000017\PNG001\PNG001.DCB	169085387	3462	0	1	15885105	31			849	153200282	3431	0
19752	X:\019752\000004\NAHC_Production\NAHC_PRODUCTION.DCB	17151789	352	0	1	1321563	26			0	15830226	326	16
20793	X:\020793\000002\Jacoby_Bisys003\BISYS003.DCB	3469433	112	0	1	252243	21			0	3217190	91	0
20980	X:\020980\000002\PPHEA_001\PPHEA_001.DCB	19321164	353	0	1	1485342	25			0	17835822	328	0
21728.00001	X:\021728\000007\K12_Production\20120123_PROD_QC.DCB	420705113	77	0	0	420705113	77						
21728.00001	X:\021728\000007\K12_Production_QC\K12_005_Prod_QC\K12_005_PROD_QC.DCB	254766389	3666	0	1	11712429	26			0	243053960	3640	0
21728.00001	X:\021728\000007\Florida_DOE\FLORIDA_DOE_DOCUMENTS.DCB	4957689027	74683	0	1	359685424	54	75548037	188	0	4522455566	74441	0
22627.00001	X:\022627\000009\TMHRI_Production_MOVED_LOCALLY_FORDEPO_DGlebov\TMHRI_PRODUCTION.DCB	668732962	8421	0	1	36096257	33	140445219	546	655	492191486	7842	0
25274.00002	X:\025274\000015\HL_SINGLEPAGE_TEMP\HL_SINGLEPAGE_TEMP.DCB	941947	62	0	1	170325	39			0	771622	23	0
25593.00001	X:\025593\000008\Backup\Dendreon_Email_review\DENDREON_EMAIL_REVIEW.DCB	2294153121	9815	0	1	236207931	29	2057945190	9786	8			
25593.00001	X:\025593\000008\Temp_Productions\DNDN009\DNDN009_TEMP_REVIEW.DCB	5526620919	6139	0	1	573180479	31	4953440440	6108	1			
25593.00001	X:\025593\000008\Hagen_Review\HAGEN_REVIEW.DCB	2245671	29	0	1	2245671	29			0			
25593.00001	X:\025593\000008\Temp_Productions\DNDN010\TEMP_DNDN010_PROD.DCB	6674111269	23826	0	1	873092438	47	5801018831	23779	0			
25593.00001	X:\025593\000008\Temp_Productions\DNDN011\TEMP_DNDN011_PROD.DCB	2776503539	6023	0	1	297770578	28	2478732961	5995	0			
25593.00001	X:\025593\000008\Temp_Productions\DNDN005\DNDN005_PREPRODUCTION.DCB	2324951580	4448	0	1	388881247	59	1936070333	4389	0			
25593.00001	X:\025593\000008\Temp_Productions\DNDN006\DNDN006_REVIEW.DCB	1762210712	3133	0	1	235234052	52	1526976660	3081	0			
25593.00001	X:\025593\000008\Temp_Productions\DNDN018\DNDN018_TEMP PROD_REVIEW.DCB	2224885115	29	0	1	2224885115	29						
25593.00001	X:\025593\000008\Temp_Productions\DNDN020Ols_BAD\DNDN020_TEMP_PROD_REVIEW.DCB	17184157	121	0	1	5171006	63	12013151	58	0			
25593.00001	X:\025593\000011\Dendreon_220_Review\DENDREON_220_REVIEW.DCB	4691429108	13267	0	1	127930866	33	929771185	694	0	3633727057	12540	0
025593R.000008	X:\025593R\000008\Dendreon_FYI_Training_database\DENDREON_FYI_TRAINING_DATABASE.DCB	1403372603	9089	0	1	169731597	32	513994409	1089	0	719646597	7968	0
25766.00002	X:\025766\000019\Liberty_v_Ford_Review\LIBERTY_V_FORD_REVIEW1.DCB	279823003	20	0	1	279823003	20			0			19336
26193.00001	X:\026193\000010\ACL_Zinn_ACL_Prod_DB\ACL_PROD_DB.DCB	93373133	2160	0	1	7852767	27			0	85520366	2133	0
26193.00001	X:\026193\000010\ACL_Zinn_Claimant_Exhibits_DB\CLAIMANT EXHIBITS_DB.DCB	337182	21	0	1	337182	21						
26193.00001	X:\026193\000010\ACL_Zinn_Zinn_Review_DB\ZINN_REVIEW_DB.DCB	202837505	3953	0	1	13769257	29			0	189068248	3924	0
26583.00001	X:\026583\000010\HL_Production\070810-PRODUCTION-Produce\PRODUCE.DCB	2356080925	33188	0	1	125157833	32			1046	2230923092	33156	0
26583.00001	X:\026583\000010\HL_Production\070810-PRODUTION-Question\QUESTION.DCB	3224636	30	0	1	3224636	30			67			
26821	X:\026821\000004\HL_Production\026821_000004_PPFA_PRODUCTION.DCB	1325495322	9027	0	1	21748079	28	418929553	575	1	884817690	8424	0
26821	X:\026821\000004\HL_Review\026821_000004_PPFA_REVIEW.DCB	893080561	8856	0	1	29100660	30	469235192	689	2	394744709	8137	0
27627.00007	X:\027627\000073\Airbus_AIRMAN_COLLECTION_TRIAGE\AIRMAN_COLLECTION_TRIAGE.DCB	20729815	32	0	1	20252212	28	477603	4	643			
27627.00007	X:\027627\000073\Airbus_PTD_PTD_Production\PTD_PROD.DCB	10676169429	16641	0	1	680194966	19			0	9995974463	16622	0
27896.00001	X:\027896\000009\TOWER_ELOAD_3\TOWER_ELOAD_3.DCB	672622006	28	0	1	672622006	28			0			
27896.00001	X:\027896\000009\TOWER_ELOAD_5\TOWER_ELOAD_5.DCB	895491034	29	0	1	895491034	29			36322			
27896.00001	X:\027896\000009\TOWER_ELOAD_2\TOWER_ELOAD_2.DCB	832525331	26	0	1	832525331	26			52688			
27942	X:\027942\000001\_PROD-QC\VOL002\PROD002.DCB	862466	30	0	1	862466	30			0			
28142	X:\028142\000002\Singer_v_Seavey_Seavey_Production\SEAVEY_PRODUCTION.DCB	30763965	177	0	1	24471037	18			0	6292928	159	0
29013.00001	X:\029013\000010\KIA_Dealer_Eastern_Region_Dealer_Improvement_Docs\EASTERN_REGION_DEALER_IMPROVEMENT_DOCS.DCB	726102009	11885	0	1	84718238	29			0	641383771	11856	0
29013.00012	X:\029013\000122\KMA\KMA.DCB	151314090	1565	0	1	7868272	25			0	143445818	1540	0
29013.00012	X:\029013\000122\KMA_Production\KMA_PRODUCTION.DCB	140950466	1391	0	1	6619344	25			0	134331122	1366	0
29013.00012	X:\029013\000122\Premier_Kia_Bank_Litigation\PREMIER_KIA_BANK_LITIGATION.DCB	80710856	1017	0	1	428973	17			0	80281883	1000	0
29013.00012	X:\029013\000122\Premier_KIA_Review\PREMIER_KIA_REVIEW.DCB	204195391	1942	0	1	9044371	23			0	195151020	1919	0
29013.00021	X:\029013\000213\Kia_Value_Kia_Arbitration\KIA-VALUEKIA-ARBITRATION.DCB	320162570	5748	0	1	20556566	26			728	299606004	5722	0
29013.00022	X:\029013\000215\KIA_Brooklyn_Auto_Group_Production_Database\BROOKLYN_AUTO_GROUP_PRODUCTION.DCB	5203580	24	0	1	5203580	24			0			
29013.00022	X:\029013\000215\KIA_Brooklyn_Auto_Group_Review_Database\BROOKLYN_AUTO_REVIEW.DCB	145176112	1339	0	1	6685193	24			0	138490919	1315	0
29013.00022	X:\029013\000223\Bob_Dance_And_KMA_Production\DANCE_KMA_COMBINED_PROD.DCB	48094399	237	0	1	15989904	28	32104495	209	23			
29013.00022	X:\029013\000223\DANCE_KIA_REVIEW\DANCE-KIA_REVIEW.DCB	30556741	289	0	1	1603596	26	17029509	43	2	11923636	220	0
29013.00022	X:\029013\000223\DANCE_PRODUCTION\BOB_DANCE_PRODUCTION.DCB	1338680	24	0	1	1338680	24			0			
29013.00022	X:\029013\000223\HLKIA_REVIEW\HLKIA_REVIEW.DCB	763892741	8477	0	1	58350398	32	110565367	724	24	594976976	7721	0
29013.00024	X:\029013\000244\Auburn_Valley_Review\AUBURN_VALLEY_REVIEW.DCB	506203970	1813	0	1	8983372	30	240306004	203	139	256914594	1580	0
29013.00025	X:\029013\000253\KIA_Review\EL_MONTE_V_KMA_REVIEW.DCB	264343075	423	0	1	611644	25	48307977	25	30	215423454	373	0
29013.00027	X:\029013\000270\KIA_Mother_Lode_Review\KIA_MOTHER.DCB	929042332	2741	0	1	13288080	30	182042034	142	8	733712218	2569	1024
29013.00027	X:\029013\000270\KIA_Production\KIA_PRODUCTION.DCB	611701001	2477	0	1	13651077	27	167187024	172	9	430862900	2278	1
29013.00027	X:\029013\000270\MLK_Production\MLK_PRODUCTION.DCB	1655965909	18190	0	1	79269467	18			0	1576696442	18172	0
29013.00039	X:\029013\000392\Review\Sunrise_KIA_NSB-Selection\SUNRISE_KIA_NSB-SELECTION.DCB	729174111	9447	0	1	23692503	31	238632846	1822	24	466848762	7594	0
29013.00039	X:\029013\000392\Review\Sunrise_KIA_Production\SUNRISE_KIA_PRODUCTION.DCB	1009010992	7241	0	1	23100671	35	12796075	5	983	973114246	7201	0
29018.00004	X:\029018\000041\Autobahn_Discovery\AUTOBAHN _DISCOVERY.DCB	16594096	31	0	1	16594096	31						
29018.00004	X:\029018\000041\Autobahn_Production\AUTOBAHN_PRODUCTION.DCB	138891139	236	0	1	2891144	28	135999995	208	70			
29018.00004	X:\029018\000043\Jaguar_Rio_Grande_Jaguar_Production\JAGUAR_PRODUCTION.DCB	88630914	895	0	1	6992807	25			0	81638107	870	0
29018.00004	X:\029018\000043\Jaguar_Rio_Grande_Jaguar_Review_Database\JAGUAR_REVIEW.DCB	1478253197	7230	0	1	235558890	30	1006205072	4494	0	236489235	2706	0
29018.00005	X:\029018\000046\Jaguar_ISSA_HL_Review\HL_REVIEW_DB.DCB	13511881744	30383	0	1	2012726392	30	11006176987	20935	0	492978365	9418	0
29018.00005	X:\029018\000046\Jaguar_Issa_HL_Production\HL_PRODUCTION_DB.DCB	148262496	1719	0	1	9850968	31	58956618	328	0	79454910	1360	0
29024.00001	X:\029024\000007\Gary_TMS_Review_Database\GRAY_TMS_REVIEW_DATABASE.DCB	306537184	4107	0	1	17387431	27			0	289149753	4080	0
29024.00001	X:\029024\000007\Gary_TMS_TMS_Production_Database\TMS_PRODUCTION.DCB	157866406	2033	0	1	8853211	24			0	149013195	2009	0
29024.00001	X:\029024\000007\Toyota_Sunrise_Plaintiffs_Production\PLAINTIFFS_PRODUCTION.DCB	52241806	798	0	1	5005468	17			0	47236338	781	0
29046	X:\029046\000001\HL_Review\Pulled_From_ML005\PULLED FROM ML005.DCB	1368083	16	0	1	1368083	16						
29046	X:\029046\000001\HL_Review\Pulled_from_ML006\PULLED FROM ML006.DCB	1755526	16	0	1	1755526	16						
29046	X:\029046\000001\HL_Review\Pulled_From_ML007\PULLED FROM ML007.DCB	107892281	16	0	1	107892281	16						
29046	X:\029046\000001\HL_Review\ML002\ML002.DCB	398157065	24	0	1	398157065	24			2284			
29046	X:\029046\000001\HL_Review\ML003\ML003.DCB	492935602	23	0	1	492935602	23			920			
29046	X:\029046\000001\HL_Review\ML004\ML004.DCB	12110298	22	0	1	12110298	22			559			
29046	X:\029046\000001\HL_Review\ML005\ML005.DCB	26990212	23	0	1	26990212	23			109			
29046	X:\029046\000001\HL_Review\ML006\ML006.DCB	2414227	23	0	1	2414227	23			5			
29046	X:\029046\000001\HL_Review\ML007\ML007.DCB	31198809	24	0	1	31198809	24			52			
29207.00002	X:\029207\000021\Alexia_Production\ALEXIA_PRODUCTION.DCB	146657545	77	0	1	913342	25			0	145744203	52	0
29382	X:\029382\000001\HL_Production\MEDSTAR_PRODUCTION.DCB	21806039143	54205	0	1	119490822	26	21686548321	54179	11169			
29517	X:\029517\000001\Hd - Interview Memoranda\HD - INTERVIEW MEMORANDA.DCB	4627329	18	0	1	4627329	18						
29864	X:\029864\000001\PROD001\PROD001.DCB	68115663	1286	0	1	6179689	19			0	61935974	1267	0
30573	X:\030573\000003\UAMS_REVIEW\ADMIN\20120416\UAMS_REVIEW.DCB	996435195	7630	0	1	53161192	27	748805609	4297	1	194468394	3306	0
30573	X:\030573\000003\UAMS_PROD\_Prod_QC\PROD002_old\PROD002.DCB	414051995	6211	0	1	21399772	28	127200927	825	0	265451296	5358	0
30629.00005	X:\030629\000047\Motorola_HighPoint_Ericsson_Doc_Prod_DB\_admin\ERICSSON_DOC_PROD_DB.DCB	13123267661	11665	0	1	7332125279	32	5791136890	11631	7	5492	2	0
30699	X:\030699\000002\DAS_SEC_PRODUCTION\DAS_SEC_PRODUCTION.DCB	3516189255	28807	0	1	435150842	33	1813559612	9015	1478	1267478801	19759	0
30699	X:\030699\000002\DAS001\DAS001.DCB	15576164275	142685	0	1	11128027144	96133	2233541813	13139	82845	2214595318	33413	0
31010.00001	X:\031010\000010\HL_Production\Overlay_File_Tracking\PRODUCTION_OVERLAY_FILE_TRACKING.DCB	2074914	19	0	1	2074914	19			0			
31662.00001	X:\031662\000007\CYLEX_REVIEW\CYLEX_REVIEW.DCB	80578542	1403	0	1	6841975	26			0	73736567	1377	0
31816	X:\031816\000002\Saft_Review\SAFT - REVIEW.DCB	3149969	28	0	1	3149969	28						
33328.00001	X:\033328\000005\UGI_HUNLOCK\UGI_HUNLOCK.DCB	1125782953	10809	0	1	17569907	23			0	1108213046	10786	0
33328.00001	X:\033328\000005\Lill_Prod_DONT_USE\LILL_PROD.DCB	11842976548	81520	0	1	455208215	85	5888078775	6575	0	5499689558	74860	26782
33328.00001	X:\033328\000005\UGI_Stantac\UGI_STANTAC.DCB	668775413	4164	0	1	52692358	69	227358235	1209	0	388724820	2886	0
33380	X:\033380\000002\Biomet_Ortho_Electronic\BMET_ORTHO.DCB	17237002801	117673	0	1	301002700	36	3832697895	5510	0	13103302206	112127	0
33380	X:\033380\000002\Biomet_Ortho_Paper\BMET_CID_001.DCB	777290809	2209	0	1	7908107	32			0	769382702	2177	0
33380	X:\033380\000002\Biomet_Productions\BMET01_CD.DCB	2626431211	4366	0	1	907817	39	74183042	5	0	2551340352	4322	0
33651.00001	X:\033651\000009\Styrker_Peves_Review\STYRKER_PEVES_REVIEW.DCB	46602471	260	0	1	1120426	29	340874	2	0	45141171	229	0
33709	X:\033709\000001\Hewitt_General_Hewitt_Prod_DB\HEWITT_PROD_DB.DCB	6905958	129	0	1	110604	23			0	6795354	106	0
34063.00001	X:\034063\000005\TAQA_Barker_Barker_Calendar_Items\CALENDARENTRIES.DCB	896913413	10092	0	1	105311580	34	791601833	10058	0			
34973	X:\034973\000001\Hariharan\HARIHARAN.DCB	1428985397	25634	0	1	40789001	25			0	1388196396	25609	171412
34973	X:\034973\000001\Megace ES INDs and NDA\MEGACE ES INDS AND NDA.DCB	393977644	30	0	1	393977644	30						
34975	X:\034975\000001\Jill_Dailey_Production - Copy\JILL_DAILEY_PRODUCTION.DCB	824674	18	0	1	824674	18						
34990	X:\034990\000001\Kramer\KRAMER.DCB	2128367554	36544	0	1	79803569	25			0	2048563985	36519	171412
35470	X:\035470\000001\Baker_Daniels\BAKER_DANIELS_REVIEW.DCB	46035819	199	0	1	19511417	49	5406720	5	5	21117682	145	0
35470	X:\035470\000001\Baker_Daniels_Review_Supplemental\BAKER_DANIELS_REVIEW_SUPPLM.DCB	1407152	24	0	1	1407152	24			0			
35785	X:\035785\000001\Bar-Ilan\BAR-ILAN.DCB	269970236	2558	0	1	16665260	31			0	253304976	2527	0
35958	X:\035958\000001\Alana_Karen\ALANA_KAREN.DCB	6471193	18	0	1	6471193	18			0			
36021	X:\036021\000001\Data_Systems\DSS.DCB	821554624	15643	0	1	2377184	26			0	819177440	15617	2
36115	X:\036115\000001\Avmed-Production_Sheridan\AVMED-PRODUCTION_TO_SHERIDAN.DCB	1541431958	20309	0	1	196364599	44			0	1345067359	20265	0
36115	X:\036115\000001\AvMed_Production_to_Florida_AG\AVMED_PRODUCTION_TO_FLORIDA_AG.DCB	483126503	8614	0	1	40434495	25			0	442692008	8589	0
36115	X:\036115\000001\Avmed-Production_Sheridan\AVMED-PRODUCTION_SHERIDAN_02.DCB	376457643	3316	0	1	196364599	44			0	180093044	3272	0
36115	X:\036115\000001\Humana_Prod\HUMANA_PROD.DCB	34233677	23	0	1	34233677	23			0			8396
36183.00001	X:\036183\000009\HL_Prod_BullTick\PROD_QC\PROD001\PROD001.DCB	324462685	3053	0	1	17998183	29	15751296	75	0	290713206	2949	0
36275	X:\036275\000001\Zhou_Prod\ZHOU_PROD_001.DCB	140368887	2072	0	1	5549531	26			0	134819356	2046	15
36277	X:\036277\000001\ANJC_PROD\ANJC_PROD.DCB	43820831	787	0	1	3687519	26			0	40133312	761	0
36277	X:\036277\000001\BEAZLEY_PROD\BEAZLEY_PROD.DCB	21288231	161	0	1	822686	25			0	20465545	136	0
36277	X:\036277\000001\DWYER_PROD\DWYER_PROD.DCB	4006067	28	0	1	4006067	28			0			
36277	X:\036277\000001\HOPKINS_PROD\HOPKINS_PROD.DCB	7892240	211	0	1	575310	26			0	7316930	185	0
36277	X:\036277\000001\MIGGINS_PROD\MIGGINS_PROD.DCB	16191543	30	0	1	16191543	30			0			
36277	X:\036277\000001\TRANSITIONS_PROD\TRANSITIONS_PROD.DCB	251028977	2705	0	1	17166523	29			0	233862454	2676	24
36277	X:\036277\000001\WOOD_PROD\WOOD_PROD.DCB	20959174	370	0	1	3207418	26			0	17751756	344	0
36277	X:\036277\000001\Blue_Cross_EMPIRE_Prod\BLUE_CROSS_EMPIRE_PROD.DCB	446620	16	0	1	446620	16			0			
36365.00002	X:\036365\000024\Millennium_Review\MILLENNIUM_REVIEW.DCB	352536937	2445	0	1	98824633	41			0	253712304	2404	0
36365.00003	X:\036365\000028\HL_Review\Millennium_Review2\MILLENNIUM_REVIEW2.DCB	4530294686	87709	0	1	288870662	38	763650551	1305	0	3477773473	86366	0
36365.00003	X:\036365\000030\HL_Production\Zicari_Martin_Production_20120529\CALLOWAY_PROD_EXPORT.DCB	187372680	80	0	1	2978591	30	184394089	50	0			2151
36480	X:\036480\000003\HL_Review\Amedisys_Email_Review\AMEDISYS_EMAIL_REVIEW.DCB	107911620	237	0	1	6322435	24	101589185	213	1			
36534	X:\036534\000001\HL_Production\UR_Productions\UR_PRODUCTIONS.DCB	23738420	30	0	1	23738420	30			2048			9168
36534	X:\036534\000001\HL_Review\UR_001\UR_001.DCB	38142627	32	0	1	38142627	32			2902			11123
36661.00001	X:\036661\000008\Dell_Review\old\DELL_REVIEW.DCB	0	0	0	0								
36661.00001	X:\036661\000008\Dell_Review\old\TPL_PRODUCTION.DCB	0	0	0	0								
36661.00001	X:\036661\000008\Avid_Production\AVID_PRODUCTION.DCB	24973771	358	0	1	1246908	23			0	23726863	335	0
36867	X:\036867\000001\HL_Production\20110506_PRODUCTION\20110506_PRODUCTION.DCB	32735667	28	0	1	32735667	28			419			
36867	X:\036867\000001\HL_Production\20110527_PRODUCTION\20110527_PRODUCTION.DCB	2944882	27	0	1	2944882	27			47			
36867	X:\036867\000001\HL_Production\20110603_PRODUCTION\201100603_PRODUCTION.DCB	5272445	23	0	1	5272445	23			68			
36867	X:\036867\000001\HL_Production\20110610_PRODUCTION\20110610_PRODUCTION.DCB	11464353	30	0	1	11464353	30			178			
36867	X:\036867\000001\HL_Production\20110624_TC10TC_PRODUCTION\20110624_TC10TC_PRODUCTION.DCB	170705	20	0	1	170705	20			0			71
36867	X:\036867\000001\HL_Production\20110629_PRODUCTION\062911_PROD.DCB	117260	23	0	1	117260	23			0			163
36867	X:\036867\000001\HL_Production\20110714_PRODUCTION\20110714_PRODUCTION.DCB	214676707	31	0	1	214676707	31			521			
36867	X:\036867\000001\HL_Production\20110727_PRODUCTION\20110727_PRODUCTION.DCB	992808	23	0	1	992808	23			4			20887
36867	X:\036867\000001\HL_Production\20110803_PRODUCTION\20110803_PRODUCTION.DCB	3981082	24	0	1	3981082	24			88			2422
36867	X:\036867\000001\HL_Production\20110815_ANAD_PRODUCTION\20110815_ANAD_PRODUCTION.DCB	12565712	33	0	1	12565712	33			9			1454
36867	X:\036867\000001\HL_Production\20110825_PRODUCTION\20110825_PRODUCTION.DCB	2953792	33	0	1	2953792	33			19			405
36867	X:\036867\000001\HL_Production\20110906_PRODUCTION_(0831_REDO)\20110907_PRODUCTION.DCB	64534017	33	0	1	64534017	33			174			14473
36867	X:\036867\000001\HL_Review\BPPA_Review_20110525\BPPA_REVIEW_20110525.DCB	1551572	30	0	1	1551572	30			38			
36867	X:\036867\000001\HL_Review\TAPS_Review_20110527\TAPS_REVIEW_20110527.DCB	33102837	33	0	1	33102837	33			761			
36867	X:\036867\000001\HL_Review\TAPS_Review_20110727\TAPS_REVIEW_20110727.DCB	13693967	33	0	1	13693967	33			652			22990
36867	X:\036867\000001\HL_Review\TAPS_Review_20110810\TAPS_REVIEW_20110810.DCB	107611425	33	0	1	107611425	33			6746			25824
36867	X:\036867\000001\HL_Review\TAPS_Review_20111012\TAPS_REVIEW_20111012.DCB	5988025	30	0	1	5988025	30			90			628
36867	X:\036867\000001\HL_Production\20110526_BPPA_PRODUCTION\20110526_BPPA_PRODUCTION.DCB	1866968	31	0	1	1866968	31			19			
36867	X:\036867\000001\HL_Production\20110426_PRODUCTION\PRODUCTIONREVIEW_04-26-2010.DCB	6591586	30	0	1	6591586	30			159			
36867	X:\036867\000001\HL_Production\20111014_PRODUCTION\20111014_PRODUCE.DCB	1398319	25	0	1	1398319	25			11			627
36867	X:\036867\000001\HL_Review\SOA-496_Jun_Jul_2012_Prod_Review\B-up\20120702\SOA-496_JUNE_JULY_2012_PROD_REVIEW.DCB	7204575829	27529	0	1	771538307	29	4809368908	4638	0	1623668614	22862	0
36867	X:\036867\000001\HL_Review\TAPS_Review_20110513\TAPS_REVIEW_20110513.DCB	30484671	35	0	1	30484671	35			490			
36912	X:\036912\000001\HL_Production\Sequoia_Production\SEQUOIA_PROD.DCB	581851580	7076	0	1	22528125	32	207086201	126	12	352237254	6918	658
36944	X:\036944\000001\HL_Review\IF001\IF001.DCB	1837651476	1947	0	1	60041377	33	1777610099	1914	0			
37081.00001	X:\037081\000008\VER001\VER001.DCB	254744580	1497	0	1	4911154	28	45578770	39	0	204254656	1430	0
37081.00001	X:\037081\000008\VER001_PROD\VER001_PROD.DCB	5112893641	32983	0	1	9484396	24	50032405	43	0	5053376840	32916	0
37081.00001	X:\037081\000008\VER003\VER003.DCB	202761601	402	0	1	3317444	30	4453635	4	0	194990522	368	0
37081.00001	X:\037081\000008\Verizon_All\VERIZON_ALL.DCB	6905615295	34251	0	1	183665900	30	1673445709	1375	0	5048503686	32846	0
37081.00001	X:\037081\000008\VERIZON_PROD001\VERIZON_PROD001.DCB	259107748	1501	0	1	9274322	32	45578770	39	0	204254656	1430	0
37081.00001	X:\037081\000008\VERIZON_PROD002\VERIZON_PROD002.DCB	6453186260	32412	0	1	180514448	32	1623413304	1332	0	4649258508	31048	0
37081.00001	X:\037081\000008\VERIZON_PROD003\VERIZON_PROD003.DCB	254448281	441	0	1	9425354	30	50032405	43	0	194990522	368	0
37170	X:\037170\000003\Klein_Review-old\KLEIN_REVIEW.DCB	220785602357	2200262	0	1	7361575380	31	30979513738	440945	742	182444513239	1759286	12
37377	X:\037377\000001\Anadarko\ANADARKO.DCB	2347896205	1452	0	1	499860227	31	1848035978	1421	0			
37539	X:\037539\000001\HAMOT_Review\HAMOT_REVIEW.DCB	11258140	253	0	1	2026967	28			0	9231173	225	0
37607	X:\037607\000001\INNOVATIS\XINNOVATIS.DCB	29721487	32	0	1	29721487	32			0			
37704	X:\037704\000001\AEG_EMAIL\AEG_EMAIL.DCB	40466578780	349469	0	1	97250452	34	648463748	1493	0	39720864580	347942	0
37704	X:\037704\000001\AEG001\AEG001.DCB	11162124928	50716	0	1	162397162	34	285432708	43	14	10714295058	50639	14
37714	X:\037714\000001\ABERDARE_REVIEW\ABERDARE_REVIEW.DCB	6463107696	30702	0	1	506781269	31	5956326427	30671	3			
38035	X:\038035\000001\EFFCU_Production\EFFCU_PROD.DCB	817735	20	0	1	817735	20			0			181
38035	X:\038035\000001\EFFCU_Review\EFFCU.DCB	219972574	697	0	1	2899024	26			0	217073550	671	0
38082	X:\038082\000001\Bonutti_Andres_Subpoena_JCA_Production\BONUTTI_ANDRES_SUBPOENA_JCA_PRODUCTION.DCB	1078130618	15830	0	1	152948264	31	4010482	19	0	921171872	15780	0
38224	X:\038224\000001\RAY002\RAY002.DCB	3952738432	4530	0	1	1297147566	28	2655590866	4502	0			
38224	X:\038224\000001\RAYLYNN_ROMINGER\RAYLYNN_ROMINGER.DCB	362548832	34	0	1	362548832	34			0			
38266	X:\038266\000001\TRITERRA_REVIEW\TRITERRA_REVIEW.DCB	2655355203	12708	0	1	39746373	28	454894	11	0	2615153936	12669	0
38342.00001	X:\038342\000009\HBSR_Collection\HBSR_COLLECTION.DCB	354246787	6334	0	1	27950596	28			0	326296191	6306	0
38342.00001	X:\038342\000010\HL_Production\BN_Production\BN_PRODUCTION.DCB	4119926607	76172	0	1	222862939	22			0	3897063668	76150	0
38342.00001	X:\038342\000010\HL_Production\HKW_Production\HKW_PRODUCTION.DCB	531103093	8401	0	1	39492341	24			0	491610752	8377	0
38342.00001	X:\038342\000010\HL_Production\BFI_Production\BFI_PRODUCTION.DCB	54443587	999	0	1	703243	23	302970	1	0	53437374	975	0
38342.00001	X:\038342\000010\HL_Production\CDW_Production\CDW_PRODUCTION.DCB	20526195752	57751	0	1	86267115	28	548979967	302	2	19890948670	57421	287
38342.00001	X:\038342\000010\HL_Production\Cisco_Itc_Production\CISCO_ITC_PRODUCTION.DCB	170339432624	2011934	0	1	3536362197	29	6649801970	9007	10	160153268457	2002898	0
38342.00001	X:\038342\000010\HL_Production\HP_Production\HP_PRODUCTION.DCB	904215053	6634	0	1	2141764	21			0	902073289	6613	0
38342.00001	X:\038342\000010\HL_Production\MAXIM_Production\MAXIM_PRODUCTION.DCB	173221975	3020	0	1	11020853	30	984576	10	0	161216546	2980	0
38342.00001	X:\038342\000010\HL_Production\WSGR_Production\WSGR_PRODUCTION.DCB	460742025	5671	0	1	11065722	23			0	449676303	5648	0
38342.00001	X:\038342\000010\HL_Review\Browdy_Neimark_Review\BROWDY_NEIMARK_REVIEW.DCB	10675467041	107015	0	1	362200897	32	5475705974	6458	143	4837560170	100525	0
38342.00001	X:\038342\000010\HL_Review\HKW_Tags\HKW_TAGGED_DOCUMENTS.DCB	326123587	30	0	1	326123587	30			0			
38342.00001	X:\038342\000010\HL_Production\MITEL_Production\MITEL_PRODUCTION.DCB	840706694	8569	0	1	26437824	25			0	814268870	8544	0
38342.00001	X:\038342\000010\HL_Production\Mosaid_Itc_Production\MOSAID_ITC_PRODUCTION.DCB	33827969531	232007	0	1	810956526	34	5087219115	4874	728	27929793890	227099	3
38342.00001	X:\038342\000010\HL_Review\Yehuda_Binder_Review\YEHUDA_BINDER_REVIEW.DCB	676111915	14265	0	1	65926328	33			0	610185587	14232	0
38345	X:\038345\000001\FOUNDRY_(FNC)\FOUNDRY_(FNC).DCB	3449918710	31	0	1	3449918710	31			115182			
38345	X:\038345\000001\FOUNDRY_CLIENT_MATERIALS_CHRIMAR\FOUNDRY CLIENT MATERIALS CHRIMAR.DCB	6561146946	31	0	1	6561146946	31						
38424	X:\038424\000001\HL_Review\Bivona_Review\BIVONA_REVIEW.DCB	30113669	419	0	1	2811051	27			0	27302618	392	0
38560	X:\038560\000001\Mentor_Review\MENTOR_REVIEW.DCB	15941126	371	0	1	2970220	25			0	12970906	346	0
38704	X:\038704\000001\KPMG_Argentina_PAE_KPMG_Production_DB\KPMG_PRODUCTION_DB.DCB	20116137	338	0	1	2910807	27			0	17205330	311	0
38704	X:\038704\000001\KPMG_Argentina_PAE_KPMG_Review_DB\KPMG_REVIEW_DB.DCB	19384810	339	0	1	2879890	26			0	16504920	313	0
38822	X:\038822\000001\Generoso_Six_Star_Review_Database\GENEROSO_SIX_STAR_REVIEW_DATABASE.DCB	528565312	10892	0	1	19534242	35	96909	4	0	508934161	10853	0
38873	X:\038873\000001\Gesele_Sec_Investigation_Review\GESELE_SEC_INVESTIGATION_REVIEW.DCB	2050471892	6728	0	1	122951636	27	1927520256	6701	2			
38873	X:\038873\000001\SEC_Investigation_Review\SEC_INVESTIGATION_REVIEW.DCB	3984486	31	0	1	3984486	31			2			651
38873	X:\038873\000001\Gesele_Testimony_Exhibits\GESELE_TESTIMONY_EXHIBITS.DCB	50546513	610	0	1	3495799	21			0	47050714	589	98
39033	X:\039033\000002\DSM_Review - Copy\DSM_REVIEW.DCB	0	0	0	0								
39261	X:\039261\000002\_CSLB_REVIEW\CSLB_REVIEW.DCB	44373857172	210993	0	1	779627183	30	27069737085	31580	0	16524492904	179383	112459
39371	X:\039371\000001\Old_Neil_Gmail_PST_Review\NEIL_EMAIL PST _REVIEW.DCB	62947776	29	0	1	62947776	29						
39522	X:\039522\000001\GigOptix_Review\GIGOPTIX_REVIEW.DCB	1660196189	4006	0	1	161980170	25	1498216019	3981	0			
39522	X:\039522\000001\GigOptix_All_Terms_Review\GIGOPTIX_ALL_TERMS_REVIEW.DCB	12222444482	17991	0	1	2295699999	36	9926744483	17955	0			
39709	X:\039709\000002\_PROD-QC\PROD002\VOL002.DCB	14296669	94	0	1	635321	27			0	13661348	67	0
39817	X:\039817\000001\Rodney_Erickson_Grand_Jury_Subpoena\RODNEY_ERICKSON_GRAND_JURY_SUBPOENA.DCB	428646866	2137	0	1	10519820	23			0	418127046	2114	0
40288	X:\040288\000001\EXHIBITS\EXHIBITS.DCB	12573578	21	0	1	12573578	21			0			
40288	X:\040288\000001\JSR_MICRO_QBE_FOREIGN_INSUREDS_DEC_PAGES\JSR_MICRO_QBE_FOREIGN_INSUREDS_DEC_PAGES.DCB	4297309	32	0	1	4297309	32			0			
40288	X:\040288\000001\JSR_MICRO_QBE_FOREIGN_INSUREDS_DEC_PAGES_PART 2\JSR_MICRO_QBE_FOREIGN_INSUREDS_DEC_PAGES_PART 2.DCB	8013878	29	0	1	8013878	29						
40288	X:\040288\000001\JSR_MICRO_QBE_FOREIGN_INSUREDS_DEC_PAGES_PART 3\JSR_MICRO_QBE_FOREIGN_INSUREDS_DEC_PAGES_PART 3.DCB	7215483	29	0	1	7215483	29						
40288	X:\040288\000001\JSR_MICRO_QBE_FOREIGN_INSUREDS_DEC_PAGES_PART 4\JSR_MICRO_QBE_FOREIGN_INSUREDS_DEC_PAGES_PART 4.DCB	6741314	31	0	1	6741314	31						
40288	X:\040288\000001\JSR_MICRO_QBE_FOREIGN_INSUREDS_DEC_PAGES_PART 5\JSR_MICRO_QBE_FOREIGN_INSUREDS_DEC_PAGES_PART 5.DCB	4671260	25	0	1	4671260	25						
40288	X:\040288\000001\JSR_MICRO_QBE_JURGEN_SCHULZE\JSR_MICRO_QBE_JURGEN_SCHULZE.DCB	568454728	3690	0	1	8713199	24			0	559741529	3666	0
40288	X:\040288\000001\JSR_MICRO_QBE_OTHER_US_INSUREDS\JSR_MICRO_QBE_OTHER_US_INSUREDS.DCB	366979245	32	0	1	366979245	32			0			
40288	X:\040288\000001\JSR_MICRO_QBE_OTHER_US_INSUREDS_PART 2\JSR_MICRO_QBE_OTHER_US_INSUREDS_PART 2.DCB	129274487	28	0	1	129274487	28						
40288	X:\040288\000001\JSR_MICRO_QBE_OTHER_US_INSUREDS_PART 3\JSR_MICRO_QBE_OTHER_US_INSUREDS_PART 3.DCB	109794559	32	0	1	109794559	32						
40316	X:\040316\000001\ENDURANCE_v_GULF_COAST\ADMIN\TEMP_MERGE_ENDURANCE.DCB	372796	13	0	1	372796	13			0			
56323.00003	X:\056323\000032\CCD_Production\CCD001.DCB	3130058216	119370	0	1	268086764	32	1430985726	59669	0	1430985726	59669	0
57013.00001	X:\057013\000007\UNIVERSITY_OF_MIAMI\UNIVOFMIAMI.DCB	886225779	9843	0	1	62195472	25			0	824030307	9818	0
57127.00019	X:\057127\000187\PRICER\PRICER.DCB	406661620	8555	0	1	12003125	25			0	394658495	8530	2820
57127.00019	X:\057127\000187\PRODUCTION\PRODUCTION01.DCB	8363906	26	0	1	8363906	26			0			2251
57127.00021	X:\057127\000213\Steven_Brown_Production\STEVEN_BROWN_PRODUCTION.DCB	40282669	1068	0	1	4868384	29			0	35414285	1039	0
57127.00021	X:\057127\000213\3rd_Party_Production\3RD_PARTY_PRODUCTION.DCB	84051307	1777	0	1	8851655	31			0	75199652	1746	0
57127.00021	X:\057127\000213\Corizon_Production\CORIZON_PRODUCTION.DCB	26851722	882	0	1	3340666	28			0	23511056	854	0
57212.00052	X:\057212\000518\BANK OF AMERICA - PARMALAT\BANK OF AMERICA - PARMALAT.DCB	141526977	18	0	1	141526977	18						
57212.00065	X:\057212\000651\HL_Production\Chubb_Attenex_Production\CHUBB_ATTENEX_PRODUCTION.DCB	675022	26	0	1	675022	26			0			1044
57212.00065	X:\057212\000651\HL_Production\Chubb_Attenex_Production2\CHUBB_ATTENEX_PRODUCTION_2.DCB	46945809	974	0	1	2939591	32			0	44006218	942	0
57212.00071	X:\057212\000705\Uni-Marts\UNI-MARTS.DCB	847507013	5467	0	1	21969516	34	240957330	42	0	584580167	5391	0
57212.00071	X:\057212\000705\Uni-Marts_Production\UNI-MARTS_PRODUCTION.DCB	204063994	2399	0	1	31028958	86	7760286	31	0	165274750	2282	0
57212.00077	X:\057212\000768\HL_Production\Fed001_Produced\FED001.DCB	477141519	10253	0	1	36841178	22			0	440300341	10231	0
57212.00077	X:\057212\000768\HL_Production\Aldus_Trustee_Production\TRUSTEE_PRODUCTION.DCB	203896	21	0	1	203896	21			0			
57212.00077	X:\057212\000768\HL_Production\Fed002_Produced\FED02_PRODUCED.DCB	25145477	494	0	1	2747300	28			0	22398177	466	0
57212.00077	X:\057212\000768\HL_Review\Fed001\FED001.DCB	119333365	2068	0	1	12422949	30			0	106910416	2038	0
57212.00077	X:\057212\000768\HL_Review\Fed002\FED002.DCB	48340956	916	0	1	3954715	30			0	44386241	886	0
57212.00077	X:\057212\000772\CHUBB_WILMINGTON\CHUBB_WILMINGTON.DCB	109485765	3568	0	1	396313	22			0	109089452	3546	0
57212.00077	X:\057212\000772\FDIC_PRODUCTION\FDIC_PRODUCTION.DCB	1595937268	18058	0	1	47026545	26			3	1548910723	18032	250
57212.00085	X:\057212\000847\Avery_Dennison\AVERY_DENNISON.DCB	58492265	30	0	1	58492265	30			0			
57212.0009	X:\057212\000902\ALDUS_REVIEW\ALDUS_REVIEW1.DCB	12598496340	232345	0	1	657943652	33	1866412680	3624	0	10074140008	228688	0
57212.0009	X:\057212\000902\ALDUS_UNREDACTED\ALDUS_UNREDACTED.DCB	10179153461	187928	0	1	832439196	30	1499507969	2742	0	7847206296	185156	0
57212.00097	X:\057212\000966\Chiquita\CHIQUITA.DCB	9671473383	152679	0	1	806551384	28			0	8864921999	152651	0
57212.00097	X:\057212\000969\Federated_Document_Production\FEDERATED_DOCUMENT_PRODUCTION.DCB	567827449	12571	0	1	50387039	22			0	517440410	12549	0
57212.00097	X:\057212\000969\HL_Review\Federated_Review\FEDERATED_REVIEW.DCB	839348955	15412	0	1	63688540	31	48261250	10	0	727399165	15371	0
58224.00023	X:\058224\000225\HUGHES001\HUGHES001.DCB	23388	4	0	1	23388	4			0			
58224.00023	X:\058224\000225\HUGHES002\HUGHES002.DCB	23388	4	0	1	23388	4			0			
58224.00023	X:\058224\000225\001_NSF\001_NSF.DCB	3997041	16	0	1	3997041	16			961			
58360.00027	X:\058360\000271\HL_Review\Amgen_Tetris_Litigation\AMGEN_TERRIS_LITIGATION.DCB	676977135	2460	0	1	17173314	23			0	659803821	2437	0
58360.00033	X:\058360\000330\HL_Production\WOODARD_PRODUCTION.DCB	2586629	25	0	0	2586629	25						
58559.00003	X:\058559\000029\BMS_Call_notes\ADMIN\20120430\BMS_CALL_NOTES.DCB	2919142035	17	0	1	2919142035	17			0			
58559.00003	X:\058559\000029\Advance_Combined\ADMIN\20120620\BK_SEC-OLD\ADVANCE COMBINED.DCB	907465661	39	0	1	907465661	39						
58559.00017	X:\058559\000174\BMS_AK_8Custodian_Collection\8CUSTODIAN_COLLECTION.DCB	1770974274	28745	0	1	112828572	22			0	1658145702	28723	0
58559.00017	X:\058559\000174\BMS_AK_8Custodian_Collection-Dupes\8CUSTODIAN_COLLECTION-DUPES.DCB	602121605	9177	0	1	35223765	17			0	566897840	9160	0
58559.00017	X:\058559\000174\BMS_AK_Abilify_Prod_DB\ABILIFY_PROD_DB.DCB	12324381238	124472	0	1	285942798	30			0	12038438440	124442	0
58559.00017	X:\058559\000174\BMS_AK_Abilify_Prod_DB_2\ABILIFY_PROD_DB_2.DCB	14494729992	146248	0	1	291457802	28	197646848	526	0	14005625342	145694	0
58559.00017	X:\058559\000174\BMS_AK_BMS_Communications_Alaska\BMS_COMMUNICATIONS_ALASKA_DB.DCB	77014908	675	0	1	6410676	17			0	70604232	658	0
58559.00017	X:\058559\000174\BMS_AK_Mohr_Emails\BMS_ALASKA_MOHR_EMAILS.DCB	786971658	12300	0	1	45361698	22			0	741609960	12278	0
58559.00021	X:\058559\000209\Expert_Doc_Review_20120423\PROD014.DCB	480702492	33	0	0	480702492	33						
58559.00021	X:\058559\000211\_PROD_QC\VOL007\VOL007.DCB	11295705	47	0	1	727579	28			0	10568126	19	0
58559.00021	X:\058559\000211\_PROD_QC\Z_Del\VOL011_NEW\PROD011.DCB	212575235	1929	0	1	12668799	27	381432	2	0	199525004	1900	3
58559.00021	X:\058559\000211\_PROD_QC\VOL009-010\VOL009-010.DCB	159246194	155	0	1	72532441	32	49419158	21	0	37294595	102	0
58559.00021	X:\058559\000211\_PROD_QC\VOL013\PROD013.DCB	82504854	930	0	1	4025415	28			0	78479439	902	0
58559.00021	X:\058559\000211\_PROD_QC\VOL014\PROD014.DCB	39165623	577	0	1	2927523	27			0	36238100	550	0
58559.00021	X:\058559\000211\_PROD_QC\VOL015\PROD015.DCB	40322672	256	0	1	1509696	27			0	38812976	229	0
59850.00002	X:\059850\000016\HL_Review\Dreher_Part_One\DREHER PART ONE UNFILTERED.DCB	364361555	24	0	1	364361555	24						
59850.00002	X:\059850\000016\HL_Review\Dreher_Part_Two\DREHER PART TWO UNFILTERED.DCB	193151881	22	0	1	193151881	22						
59850.00002	X:\059850\000016\HL_Review\Gillespie\FOSS GILLESPIE UNFILTERED.DCB	148620231	22	0	1	148620231	22						
59850.00002	X:\059850\000016\HL_Review\Saltsman\SALTSMAN SCHREEVES SCHULMAN.DCB	546126183	26	0	1	546126183	26						
59850.00002	X:\059850\000016\HL_Review\Tupper\TUPPER UNFILTERED.DCB	52994448	24	0	1	52994448	24						
59850.00002	X:\059850\000016\HL_Review\MKEON\BOND MCKEON PFEFFER UNFILTERED.DCB	322029571	18	0	1	322029571	18						
59892.00008	X:\059892\000081\HL_Production\11-30-2009_DOCUMENT_PRODUCTION.DCB	7469299	22	0	1	7469299	22			0			
59892.00008	X:\059892\000081\HL_Production_NVR_PL\NVR_PL_001.DCB	29644481	362	0	1	2257287	19			0	27387194	343	0
59892.00009	X:\059892\000085\NVR_OHB_OHB_First_Document_Production\OHB_PROD_DB.DCB	42052032	380	0	1	4663547	21	37388485	359	0			
60273.00001	X:\060273\000005\HL_Review\Synthes_Interview_Memos\SYNTHES_INTERVIEW_MEMOS.DCB	633758034	149	0	1	22905820	24	610852214	125	10			
60643.00006	X:\060643\000056\Compliance_Review\COMPLIANCE_REVIEW.DCB	3389406790	14573	0	1	622640087	27	1712529154	1954	1576	1054237549	12592	0
60724.00004	X:\060724\000038\HL_Review\GENZYME001_REVIEW.DCB	0	0	0	0								
60724.00004	X:\060724\000038\HL_Production\GENZ_PROD_001A.DCB	0	0	0	0								
61035.00007	X:\061035\000067\PROD016\PROD016.DCB	13145257	201	0	1	651874	24			0	12493383	177	0
61035.00007	X:\061035\000067\PROD017\PROD017.DCB	905868	40	0	1	123221	29			0	782647	11	0
61035.00007	X:\061035\000067\PROD021\PROD021.DCB	796463892	6870	0	1	88865588	25	392909062	1111	0	314689242	5734	104
61118.00023	X:\061118\000234\HL_Production\GU002\GU002.DCB	4218187	28	0	1	4218187	28			204			
61118.00023	X:\061118\000234\HL_Production\GU002_Final\GU002 FINAL.DCB	4180659	29	0	1	4180659	29						
61118.00023	X:\061118\000234\HL_Review\GEORGETOWN_STUDENT_HEALTH.DCB	435393712	176	0	1	435393712	176			0			
61118.00023	X:\061118\000234\HL_Review\HARDL_001\DBASE\HARDL_001.DCB	57608547	1031	0	1	27987423	32			4868	29621124	999	0
61118.00023	X:\061118\000234\HL_Review\HARDL_002\Dbase\HARDL_002.DCB	226186816	1032	0	1	196565692	33			15298	29621124	999	0
61118.00023	X:\061118\000234\HL_Review\HARDL_003\DBASE\HARDL_003.DCB	867493	42	0	1	296987	29			1	570506	13	0
61118.00023	X:\061118\000234\HL_Review\KENNV_001\DBASE\KENNV_001.DCB	48273957	1028	0	1	18652833	29			1131	29621124	999	0
61118.00023	X:\061118\000234\HL_Review\KENNV_002\DBASE\KENNV_002.DCB	175521334	789	0	1	143898140	33			11630	31623194	756	0
61263.00022	X:\061263\000219\Wal-Mart_HHS_OCR_Review\WAL-MART_HHS_OCR_REVIEW.DCB	0	0	0	0								
61508.00001	X:\061508\000008\HL_Production\DOJ_PROD.DCB	8252543631	62166	0	1	805248970	31	7447294661	62135	128331			
61508.00001	X:\061508\000008\HL_Review\Aldo_Tesi\ALDO_TESI.DCB	3568970071	14577	0	1	145674233	31	3423295838	14546	0			26745
61508.00001	X:\061508\000008\HL_Review\Matt_Nelson\MATT_NELSON.DCB	22202951158	113348	0	1	579169735	36	5686163097	31330	31330	15937618326	81982	0
61508.00001	X:\061508\000008\HL_Review\Michael_Lee\MICHAEL_LEE.DCB	6148030216	22039	0	1	102190004	34	1684403878	4555	4555	4361436334	17450	0
61540.00001	X:\061540_CLIENT\000013\HL_Production\FMI_PRODUCTIONS.DCB	272372218	1726	0	1	760237	25	70626039	243	0	200985942	1458	0
61916.00004	X:\061916\000038\HL_Production\HWL_PROD_REVIEW\HWL_PROD_REVIEW.DCB	455876786	4548	0	1	76282116	35	26728448	12	206	352866222	4501	2039
61954.00011	X:\061954\000112\BNL_Productions - Copy\BNL_PRODUCTIONS.DCB	0	0	0	0								
61954.00011	X:\061954\000112\HL_Production\20120223_MTKV002_PRODUCTION.DCB	3300284637	52	0	0	3300284637	52						
61954.00011	X:\061954\000112\HL_Production\20120224_MTKV001_PRODUCTION.DCB	3300284637	52	0	0	3300284637	52						
61954.00011	X:\061954\000112\HL_Production\20120320_PROD_QC.DCB	3300284637	52	0	0	3300284637	52						
61954.00011	X:\061954\000112\BNL_Productions - Copy (2)\BNL_PRODUCTIONS.DCB	0	0	0	0								
61954.00011	X:\061954\000112\HL_Production_QC\MTKV004\PROD_MTKV004_QC.DCB	0	0	0	0								
61954.00011	X:\061954\000112\HL_Production_QC\MTKV005\MTKV005.DCB	0	0	0	0								
61954.00011	X:\061954\000112\HL_Production_QC\MTKV007\MTKV007_QC.DCB	0	0	0	0								
61954.00011	X:\061954\000112\HL_Production_QC\MTKV008\MTKV008_PRODUCTION_QC.DCB	0	0	0	0								
61954.00011	X:\061954\000112\HL_Production_QC\MTKV009\MTKV009_PROD_QC.DCB	0	0	0	0								
61954.00011	X:\061954\000112\HL_Production_QC\MTKV010\MTKV010_PROD_QC.DCB	0	0	0	0								
61954.00011	X:\061954\000112\HL_Production_QC\MTKV011\MTKV011.DCB	0	0	0	0								
61954.00011	X:\061954\000112\HL_Production_QC\MTKV012\MTKV012.DCB	0	0	0	0								
61954.00011	X:\061954\000112\HL_Production_QC\MTKV013\MTKV013.DCB	0	0	0	0								
61954.00011	X:\061954\000112\HL_Production_QC\MTKV014\MTKV014_PROD_QC.DCB	0	0	0	0								
61954.00011	X:\061954\000112\HL_Production_QC\MTKV015\MTKV015_PROD_QC.DCB	0	0	0	0								
61954.00011	X:\061954\000112\HL_Production_QC\PROD_MTKV003_QC.DCB	0	0	0	0								
61954.00011	X:\061954\000112\Third_Party_Review - Copy\BELINC001.DCB	0	0	0	0								
61954.00011	X:\061954\000112\HL_Production_QC\MTKV019\MTKV019.DCB	0	0	0	0								
61954.00011	X:\061954\000112\HL_Review\MARTEK_REVIEW.DCB	116331229	1616	0	1	9646339	29	69120	1	0	106615770	1586	0
62092.00001	X:\062092\000014\HL_Review\E_DOCS\E-DOCS.DCB	16151687	177	0	1	5201889	31	10949798	146	0			
62092.00001	X:\062092\000014\HL_Review\Dartmouth_Mails\DARTMOUTH_MAILS.DCB	16077550286	133320	0	1	2018462344	34	611991926	6308	319	13447096016	126978	15
62092.00001	X:\062092\000014\HL_Review\Blitzmail\BLITZMAIL.DCB	269475102	643	0	1	54294079	37	215181023	606	616			3
62092.00001	X:\062092\000014\HL_Review\Blitzmail2\BLITZMAIL2.DCB	35756403	118	0	1	6454907	24	29301496	94	94			
62376.00003	X:\062376\000029\Novartis_Review\NOVARTIS_REVIEW.DCB	834990799	448	0	1	654246875	66	115072710	19	7	65671214	363	0
62376.00005	X:\062376\000050\HL_Prod\Copy of PROD_QC\PROD002\PROD002_QC.DCB	3036652	25	0	1	3036652	25						
62376.00005	X:\062376\000050\HL_Prod\PROD_QC\PROD005\PROD005.DCB	96557344	1865	0	1	3960684	33	1093969	30	0	91502691	1802	0
62376.00005	X:\062376\000050\HL_Prod\PROD_QC\PROD006\PROD006.DCB	193276617	104	0	1	95106043	38	98170574	66	9			904
62376.00005	X:\062376\000050\HL_Prod\PROD_QC\PROD007\VOL007.DCB	311204205	31	0	1	311204205	31			6			711
62376.00005	X:\062376\000050\HL_Prod\PROD_QC\PROD008\PROD008.DCB	7365433	31	0	1	7365433	31			30			1804
62376.00005	X:\062376\000050\HL_Prod\PROD_QC\PROD009_New\PROD009_NEW.DCB	5107621	30	0	1	5107621	30			30			1412
62400.00004	X:\062400\000040\HL_Review\ECO_Canteen\ECO_CANTEEN.DCB	29534097	27	0	1	29534097	27			0			
62981.00003	X:\062981\000025\FORD-T_And_D_Production\FORD-T&D_PROD.DCB	29353596	275	0	1	1399385	26	14492975	28	0	13461236	221	0
63533.00003	X:\063533\000029\Schwan_Document_Review - Copy\SCHWAN_DOCUMENT_REVIEW.DCB	0	0	0	0								
63533.00003	X:\063533\000029\Schwan_Document_Review - Copy (4)\SCHWAN_DOCUMENT_REVIEW.DCB	0	0	0	0								
63533.00003	X:\063533\000029\Schwan_Secondary_Review\SCHWAN_SECONDARY_REVIEW.DCB	13722370696	39334	0	1	3810494503	28	9911876193	39306	0			
63553.00016	X:\063553\000160\HL_Review\LOCKHEED_JAVELIN.DCB	5113502373	16780	0	1	662401520	27	4451100853	16753	0			
65744	X:\065744\000004\HL_Review\AVENTIS_BEHRING.DCB	441517297	12763	0	1	53898106	25			0	387619191	12738	0
66017.00001	X:\066017\000011\UPC2010TAPSLITIGATION.DCB	1779297573	6929	0	1	28800979	34			0	1750496594	6895	0
66174.00005	X:\066174\000046\Amex_Prod_Review\AMEX_PROD_REVIEW.DCB	2367388539	4439	0	1	25931000	36	18346421	24	42	2323111118	4379	0
66174.00005	X:\066174\000046\Amex_Review\066174_0046_AMEX_REVIEW.DCB	32995531	779	0	1	2482208	27	11058581	89	0	19454742	663	0
66174.00005	X:\066174\000046\AMEXAA_Prod\AMAXAA_01-06.DCB	1727753503	23362	0	1	109219232	29	35993111	177	0	1582541160	23156	0
66174.00005	X:\066174\000051\HL_PROD\PROD_US_Air_Subpoena\AMAXAA_01-06.DCB	1735217846	23358	0	1	116873759	32	35993111	177	0	1582350976	23149	0
66174.00005	X:\066174\000051\HL_PROD\PRODQC_IX\PRODQC_IX.DCB	60922393	668	0	1	2797089	27	4877832	24	0	53247472	617	0
66174.00005	X:\066174\000051\HL_PROD\PRODQC_VII\PROD_VI.DCB	2536988917	30267	0	1	214078980	30	504678473	637	0	1818231464	29600	0
66889.0001	X:\066889\000099\EURO_RSCG_REVIEW1.DCB	1160277170	17323	0	1	51994399	33	481032451	3794	0	627250320	13496	0
68168	X:\068168\000003\SHELL-VELOCITY_REVIEW.DCB	411632843	2935	0	1	144584575	23			0	267048268	2912	0
68235.00002	X:\068235\000015\Rutt-Egan_Claims\RUTT-EGAN_CLAIMS.DCB	0	0	0	0								
68235.00002	X:\068235\000015\Rutt_v_Anthem_Review\RUTT_V_ANTHEM_REVIEW.DCB	0	0	0	0								
68235.00011	X:\068235\000107\Scott_Armstrong_Review\SCOTT_ARMSTRONG_REVIEW.DCB	9819729	29	0	1	9819729	29			0			1947
68235.00011	X:\068235\000107\WELL001\WELL001.DCB	8294978959	126194	0	1	548203182	33	119585278	514	0	7627190499	125647	250
68235.00011	X:\068235\000107\Wellpoint_GONG_Review\WELLPOINT_GONG_REVIEW.DCB	3864726189	24	0	1	3864726189	24			110567			
68235.00013	X:\068235\000134\Wellpoint_Production_QC\WellPointVol065\VOL065_PRODSET2.DCB	0	0	0	0								
68235.00013	X:\068235\000134\Misc_Prod_O'Brien_Samsell_Rule_26(a)_Disclosures\WCP001.DCB	149489915	2264	0	1	12070867	29			0	137419048	2235	0
68235.00013	X:\068235\000134\Wellpoint_Production_QC\WellPointVol071\PROD_071A_QC.DCB	0	0	0	0								
68235.00013	X:\068235\000134\Wellpoint_Production_QC\WellPointVol072\VOL072_PROD_QC.DCB	0	0	0	0								
68235.00013	X:\068235\000134\Wellpoint_Production_QC\WellPointVol073\WELLPOINTVOL073_PROD_QC.DCB	0	0	0	0								
68235.00013	X:\068235\000134\Wellpoint_Production_QC\WellPointVol074\VOL074_PROD_QC.DCB	0	0	0	0								
68235.00013	X:\068235\000134\Wellpoint_Production_QC\WellPointVol075\VOL075_PROD_QC.DCB	0	0	0	0								
68235.00013	X:\068235\000134\Wellpoint_Production_QC\WellPointVol076_077\VOLS076_77_PROD_QC.DCB	0	0	0	0								
68235.00013	X:\068235\000134\Wellpoint_Production_QC\WellPointVol078\VOL078_PROD_QC.DCB	0	0	0	0								
68235.00014	X:\068235\000141\Abrams_Review\WP-ABRAMS_REVIEW.DCB	87837760	103	0	1	83135703	31			0	4702057	72	0
68235.00014	X:\068235\000141\Green_Review\WELLPOINT - GREEN.DCB	27037466	27	0	1	27037466	27						
68235.00014	X:\068235\000141\McAffry-Mell_Review\CINCINNATI CONTRACTS.DCB	615385276	37	0	1	615385276	37						
68235.00014	X:\068235\000141\MELL_REVIEW\MELL_REVIEW.DCB	594966764	8058	0	1	32240953	34			0	562725811	8024	0
68235.00014	X:\068235\000141\Reiser_Co-Defendants_Production\CO-DEFENDANTS PRODUCTION.DCB	2264371	26	0	1	2264371	26						
68235.00014	X:\068235\000141\Reiser_Review\WELLPOINT - REISER.DCB	34102818	30	0	1	34102818	30						
68235.00014	X:\068235\000141\Reiser_Wellpoint_Production\WP-PRODUCEDDOCS.DCB	2869021	28	0	1	2869021	28			0			
68235.00014	X:\068235\000141\Stapp_Review\WELLPOINT - STAPP.DCB	129639300	30	0	1	129639300	30						
68235.00014	X:\068235\000141\Stapp_Wellpoint_Production\WP PRODUCTION.DCB	878209	29	0	1	878209	29						
68235.00014	X:\068235\000141\McAffry-Mell_Wellpoint_Production\WP-PRODUCTION.DCB	52590339	35	0	1	52590339	35			2			
68235.00015	X:\068235\000153\ANTHEM001\ANTHEM001.DCB	513405022	9106	0	1	45574923	27			0	467830099	9079	0
68235.00015	X:\068235\000153\GOLD_STATE_PRODUCED\GOLD-STATE_PRODUCED.DCB	753070925	16527	0	1	28361251	30			0	724709674	16497	7
68235.00015	X:\068235\000153\Revised_State_Production\REVISED_STATE_PRODUCTION.DCB	895933301	16237	0	1	174774125	26			0	721159176	16211	2
68235.00015	X:\068235\000153\State-EJ\STATE-EJ.DCB	742554036	15703	0	1	54710786	25			0	687843250	15678	0
68235.00016	X:\068235\000161\Wellpoint_Email_Review - Copy\WELLPOINT_EMAIL_REVIEW.DCB	3058940339	43	0	1	3058940339	43						
68261.00011	X:\068261\000106\AEPC_Review\AEPC_REVIEW.DCB	3211775928	69392	0	1	168022420	27			0	3043753508	69365	0
68261.00011	X:\068261\000106\AEPC001\AEPC001.DCB	13760742	18	0	1	13760742	18			0			
68261.00011	X:\068261\000106\AEPC002\AEPC002.DCB	34413901	18	0	1	34413901	18			0			
68261.00011	X:\068261\000106\AEPC003\AEPC003.DCB	15034971	13	0	1	15034971	13			0			
68261.00011	X:\068261\000106\AEPC004\AEPC004.DCB	2225168	18	0	1	2225168	18			0			
68261.00011	X:\068261\000106\AEPC005\AEPC005.DCB	104497411	18	0	1	104497411	18			0			
68261.00011	X:\068261\000112\AEP\AEP.DCB	328815	22	0	1	328815	22			0			
68738.00006	X:\068738\000055\PE_Production - Copy\PE_PRODUCTION_DOCUMENTS.DCB	1006151060	32	0	1	1006151060	32						
68975.00007	X:\068975\000069\HL_Production\AHA003\AHA_003_PRODUCTION_DATABASE.DCB	27126149	539	0	1	2589760	29	9398604	137	0	15137785	373	0
68975.00007	X:\068975\000069\HL_Production\AHA004\AHA_004.DCB	47172439	249	0	1	1126793	25			0	46045646	224	0
68975.00007	X:\068975\000069\HL_Production\AHA005\AHA_005_PROD.DCB	21315593	355	0	1	1842265	17			0	19473328	338	0
68988.00005	X:\068988\000049\HL_Review\S1_Saleslogix_Review\SALESLOGIX_REVIEW.DCB	14080905049	47926	0	1	181358883	32	4568838717	3668	0	9330707449	44226	0
69138.00001	X:\069138\000006\Educational_Housing_Services_EHS_Production\EHS_PRODUCTION.DCB	710491653	1733	0	1	511918646	33	198573007	1700	0			
69138.00001	X:\069138\000006\Educational_Housing_Services_La_Vacca_Docs\LAVACCA_REVIEW_DOCS.DCB	5723090	46	0	1	312332	30	4461392	8	0	949366	8	0
69138.00001	X:\069138\000006\Educational_Housing_Services_Lee_Review_Docs\LEE_REVIEW_DOCS.DCB	27022148	148	0	1	1244822	30	1166392	13	0	24610934	105	0
69138.00001	X:\069138\000006\Educational_Housing_Services_Lerner_Subpoena_Docs\LERNER_SUBPOENA_DOCS.DCB	126610777	2894	0	1	11451239	35	8747066	52	0	106412472	2807	0
69138.00001	X:\069138\000006\Educational_Housing_Services_Lustbader_Docs\LUSTBADER_DOCS.DCB	58336120	1393	0	1	5554039	31	1862231	17	0	50919850	1345	0
69138.00001	X:\069138\000006\Educational_Housing_Services_Pagola_Review_Docs\PAGOLA_REVIEW_DOCS.DCB	359024374	2025	0	1	9218512	34	88891202	289	0	260914660	1702	0
69138.00001	X:\069138\000006\Educational_Housing_Services_Review_Docs\EDUCATIONAL_HOUSING_SERVICES_REVIEW_DOCS.DCB	1478794122	15226	0	1	63090896	35	231440027	268	0	1184263199	14923	0
69138.00001	X:\069138\000006\Educational_Housing_Services_Review_Docs_Vol2\EHS_REVIEW_DOCS-VOL2.DCB	9940828656	156306	0	1	2059344612	35	6618592462	134772	10	1262891582	21499	0
69138.00001	X:\069138\000006\Educational_Housing_Services_Sheehan_Review_Docs\SHEEHAN_REVIEW_DOCS.DCB	168080315	902	0	1	4061321	31	40821260	161	0	123197734	710	0
69138.00001	X:\069138\000006\Educational_Housing_Services_Silver_docs_not_produced_AND_not_privileged\EDUCATIONAL HOUSING SERVICES -SILVER'S DOCS NOT PRODUCED & NOT PRIVILEGED.DCB	10722257	29	0	1	10722257	29						
69138.00001	X:\069138\000006\Educational_Housing_Services_Silver_Privileged_Documents\EDUCATIONAL HOUSING SERVICES - SILVER'S PRIVILEGED DOCUMENTS.DCB	13333509	29	0	1	13333509	29						
69138.00001	X:\069138\000006\Educational_Housing_Services_SSI_Docs\SSI_DOCS.DCB	4216655	27	0	1	4216655	27			0			
69138.00001	X:\069138\000006\Educational_Housing_Services_Cear_Review_Docs\CEAR_REVIEW_DOCS.DCB	136152080	920	0	1	5057842	35	14740420	178	0	116353818	707	0
75833.0003	X:\075833\000300\TEST\TEST.DCB	46615336	18	0	1	46615336	18			0			
75833.0003	X:\075833\000300\Layne_Christensen\LAYNE_CHRISTENSEN.DCB	1093673693	15377	0	1	101433798	65	430600446	1578	73	561639449	13734	0
80405.00007	X:\080405\000073\Asia_Optical_Production\ASIA_OPTICAL_PRODUCTION.DCB	54853334	916	0	1	2901184	19			0	51952150	897	0
80405.00007	X:\080405\000073\HL_ASIA_OPTICAL_REVIEW\HL_ASIA_OPTICAL_REVIEW.DCB	74141251	694	0	1	4165406	19			0	69975845	675	0
80405.00007	X:\080405\000073\LTI_PRODUCTION\LTI_PRODUCTION.DCB	61607454	694	0	1	3979112	19			0	57628342	675	0
80653.00004	X:\080653\000040\DOCUMENTS_EXPRESS\DOCUMENTSEXPRESS.DCB	52871728560	595087	0	1	2790680480	30			0	50081048080	595057	0
80653.00004	X:\080653\000040\PRE_DEPOSITION_REVIEW2\PRE_DEPOSITION_REVIEW2.DCB	48520131657	588141	0	1	4365343159	32	19670765841	69435	1871	24484022657	518674	3
80653.00004	X:\080653\000040\PRE_DEPOSITION_REVIEW3\PRE_DEPOSITION_REVIEW3.DCB	17991069940	330317	0	1	1593332169	29	8040118531	81754	0	8357619240	248534	0
80653.00004	X:\080653\000040\Sun_Booking_Packages2\SUN_BOOKING_PACKAGES2.DCB	201238585447	430253	0	1	761543678	30			0	200477041769	430223	0
80653.00004	X:\080653\000040\SUN_DOJ_PRODUCTION\SUN_DOJ_PRODUCTION.DCB	1485795140	36	0	1	1485795140	36			0			345199
80653.00004	X:\080653\000040\SUN_DOJS_AUDIT_DATA\SUN_DOJS_AUDIT_DATA.DCB	11414495201	548	0	1	4773148894	31	6641346307	517	0			76356
80653.00004	X:\080653\000040\SUN_PRODUCTION\SUN_PRODUCTION.DCB	5185616962	3025	0	1	4288840407	30	896776555	2995	0			861314
80653.00004	X:\080653\000040\RELATORS - Copy\RELATORS.DCB	1893318197	32	0	1	1893318197	32						
80653.00004	X:\080653\000040\MASTER_DOCUMENTS_EXPRESS_DB\MAIN_DOCUMENTSEXPRESS.DCB	52152394800	592527	0	1	2549831976	29			0	49602562824	592498	0
80653.00006	X:\080653\000063\Acceleron_Omnibus_Production\ACCELERON_OMNIBUS_PRODUCTION _6_24_2010.DCB	255789187	32	0	1	255789187	32						
80795.00007	X:\080795\000074\NORTH_BROWARD.DCB	1630172079	23430	0	1	62157425	28	379646065	497	0	1188368589	22905	0
80795.00009	X:\080795\000089\CNA_BIO.DCB	71768870	1665	0	1	3262323	18			0	68506547	1647	0
80795.00011	X:\080795\000105\BOCA_HOME_CARE.DCB	12199053	306	0	1	419583	21			0	11779470	285	1
80795.00012	X:\080795\000117\Production_DB\CCC_PROD.DCB	60593465	499	0	1	333972	24			0	60259493	475	0
80945.00056	X:\080945\000561\_ADMIN\WF_PHW_Properties_Review_DB\TEMP_SPLIT\DOC_BREAKS.DCB	3103276374	10458	0	1	43672849	31	1794068258	31	0	1265535267	10396	0
80945.00065	X:\080945\000649\Wells_Fargo_Strause_WF_Production\WF_STRAUSE_WF_PROD.DCB	57061329	36	0	1	22843423	31	34217906	5	0			
81400.00048	X:\081400\000476\WHITE_PLAINS_IBM001_PRODUCTION2\WHITE_PLAINS_IBM001_PRODUCTION.DCB	44397523771	195427	0	1	208111295	31			0	44189412476	195396	0
81400.00048	X:\081400\000476\WHITE_PLAINS_IBM001_PRODUCTION\WHITE_PLAINS_IBM001_PRODUCTION.DCB	85047159304	339281	0	1	216946837	31			0	84830212467	339250	1
81400.00053	X:\081400\000525\IBMDOIPROD001.DCB	40979058	470	0	1	1927556	19			0	39051502	451	0
81400.0006	X:\081400\000604\Micro_Focus_Production\MICRO_FOCUS_PRODUCTION.DCB	11279331	267	0	1	1530249	22			0	9749082	245	0
81400.0006	X:\081400\000604\QSGI_IBM_HP_Document_Review\HL_DOCUMENT_REVIEW.DCB	3072996173	25514	0	1	63132929	28			0	3009863244	25486	0
81400.00064	X:\081400\000641\MWAA - Copy (2)\MWAA_REVIEW.DCB	0	0	0	0								
81400.00064	X:\081400\000641\WMATA_Subpoena_Review - Copy\WMATA_SUBPOENA.DCB	0	0	0	0								
81400.00065	X:\081400\000651\HL_Production\Jun14_Production\VOIP_PRODUCTION.DCB	1161676689	11407	0	1	35339451	49			24	1126337238	11358	0
81416.00013	X:\081416\000126\KPMG_Vesta_Birmingham_Docs\BIRMINGHAM_DOCS.DCB	18883180638	383384	0	1	1641580950	26			0	17241599688	383358	0
81416.00013	X:\081416\000129\KPMG_Credit_Suisse_SEC_Production\KPMG_CS_SEC_PROD_DB.DCB	4753547186	83376	0	1	351079263	32			0	4402467923	83344	69
81416.00013	X:\081416\000129\KPMG_Credit_Suisse_3rd_Party_Subpoena\KPMGCREDIT_SUISSE_3RD_PARTY_SUB.DCB	3652503	29	0	1	3652503	29			0			536
81416.00013	X:\081416\000129\KPMG_Credit_Suisse_KPMG_CS_SEC_Prod_DB\KPMG_CS_SEC_PROD_DB.DCB	4591417719	77200	0	1	335141791	29			0	4256275928	77171	0
81416.00014	X:\081416\000142\KPMG_St_Vincent_St_Vincent_Production\ST_VINCENT_PROD.DCB	13387210	29	0	1	13387210	29			0			
81416.00014	X:\081416\000142\KPMG_St_Vincent_St_Vincent_Review\ST_VINCENT_REVIEW.DCB	15347850	30	0	1	15347850	30			0			
81416.00014	X:\081416\000143\KPMG_ALICO_Alico_Review_DB\ALICO_REVIEW_DB.DCB	3487935188	71754	0	1	285157693	33			0	3202777495	71721	0
81416.00014	X:\081416\000143\KPMG_ALICO_Alico_Production_DB\ALICO_PROD_DB.DCB	4954613501	101247	0	1	389775827	35			0	4564837674	101212	0
81416.00015	X:\081416\000146\KPMG_Capital_South_Bank_Hard_Copy_Review\HARD_COPY_REVIEW.DCB	1354915324	23935	0	1	110642291	30			0	1244273033	23905	0
81416.00015	X:\081416\000147\KPMG_China_Integrated_Energy_Production_to_PCAOB\PCAOB.DCB	93981589	1798	0	1	7506997	23			0	86474592	1775	0
81416.00015	X:\081416\000148\KPMG_Keyuan_Production_database\KEYUAN.DCB	32743533	754	0	1	2924731	28	159758	2	0	29659044	724	0
81416.00015	X:\081416\000150\KPMG_BERWIND_KPMG_Document_Review_Database\KPMG_DOCUMENT_REVIEW_DATABASE.DCB	3854809	23	0	1	3854809	23			0			831
81416.00015	X:\081416\000150\KPMG_BERWIND_KPMG_Production_Database_FINAL\KPMG_BERWIND_PRODUCTION_DATABASE_FINAL.DCB	56411444	1110	0	1	5171959	29	180693	10	0	51058792	1071	0
81416.00015	X:\081416\000150\KPMG_BERWIND_KPMG_Production_Database\KPMG_BERWIND_PRODUCTION_DATABASE.DCB	60094634	1114	0	1	5300761	33	180693	10	0	54613180	1071	0
81416.00015	X:\081416\000152\KPMG_China_Temp_DB\KPMG_TEMP_DB.DCB	5642439	23	0	1	5642439	23			0			
81416.00015	X:\081416\000152\KPMG_Shengda_Tech_KPMG_Production_DB\KPMG_PRODUCTION_DB.DCB	773961465	12790	0	1	53969768	31			0	719991697	12759	0
81416.00015	X:\081416\000152\KPMG_Shengda_Tech_KPMG_Review_DB\KPMG_REVEIW_DB.DCB	14268597	102	0	1	688429	23			0	13580168	79	0
81429.00001	X:\081429\000009\Deloitte_AHM_Deloitte_Exhibit_DB\DELOITTE_EXHIBIT_DB.DCB	1372402752	24763	0	1	108095343	24			0	1264307409	24739	0
81429.00001	X:\081429\000009\Deloitte_AHM_DT-AHM_Production_DB\DT-AHM_PROD_DB.DCB	112578436	2883	0	1	18071530	17			0	94506906	2866	0
81429.00001	X:\081429\000009\Deloitte_AHM_Exhibit_and_DT-AHM_Prod_DBs_Combined\CONCAT.DCB	47278	10	0	1	47278	10			0			
81429.00001	X:\081429\000009\Deloitte_AHM_Manual_Audit_Files_Review_DB\MANUAL AUDIT FILES_REVIEW_DB.DCB	95170673	24	0	1	95170673	24						
81429.00001	X:\081429\000009\Deloitte_AHM_4-13-09_PCAOB_Exhibits\4-13-09_PCAOB_EXHIBITS.DCB	5281636	114	0	1	697084	18			0	4584552	96	0
81429.00002	X:\081429\000016\Deloitte_Navistar_Anderson_PACOB_Production\ANDERSON_PACOB_PROD.DCB	26106538204	367201	0	1	1215193922	24			0	24891344282	367177	10343
82399.00004	X:\082399\000042\NRUCFC001\NRUCFC.001.DCB	701687094	8055	0	1	34413341	24			0	667273753	8031	0
82399.00004	X:\082399\000042\NRUCFC002\NRUCFC.002.DCB	426076	20	0	1	426076	20			0			
82733.00002	X:\082733\000019\Production1\PRODUCTION1.DCB	34003214	727	0	1	4092640	29	39424	1	0	29871150	697	0
83369.00003	X:\083369\000032\Takeda_Zydus_Zydus_ANDA_Moved\ZYDUS_ANDA.DCB	177860015	3228	0	1	11627336	25			0	166232679	3203	0
83369.00003	X:\083369\000032\Takeda_Zydus_Takeda_Document_Review_Moved\TAKEDA_DOC_REVIEW.DCB	407057153	2489	0	1	23294770	51	250491371	137	0	133271012	2301	0
83369.00003	X:\083369\000032\Takeda_Zydus_Takeda_Production_Moved\TAKEDA_PRODUCTION.DCB	765023041	8106	0	1	16378108	33	159864563	77	0	588780370	7996	0
85059.00001	X:\085059\000012\Flamel_SEC_Flamel_Production_DB\FLAMEL_PROD_DB.DCB	1495234	22	0	1	1495234	22			0			
85098.00002	X:\085098\000015\Agilent_Production\ADMIN\20120418_Overlay\OVERLAY.DCB	2363603	10	0	1	2363603	10						
85098.00002	X:\085098\000015\Agilent_Production\ADMIN\20120419_Overlay\20120418_OVERLAY.DCB	2314056	7	0	1	2314056	7						
85568	X:\085568\000001\HL_Production\Harmony_Production\HARMONY_PRODUCTION.DCB	20052291892	210972	0	1	2756814297	32	7679174244	12989	820	9616303351	197951	0
86335.00026	X:\086335\000255\Production\Concordance - 20120313 Copy\PRODUCED.DCB	67134498	41	0	1	67134498	41						
87080.00002	X:\087080\000018\HL_Production\NYIT_PR\NYIT_PR.DCB	12515837	23	0	1	12515837	23			0			
87081.00005	X:\087081\000046\HL_Review\ACE_Documents\ACE_DOCUMENTS.DCB	2148317902	19055	0	1	83702336	29	1042211530	191	0	1022404036	18835	0
87081.00005	X:\087081\000046\HL_Review\XL_PROFESSIONAL_REVIEW.DCB	94608817	242	0	1	84956134	63	1153023	2	0	8499660	177	0
87829	X:\087829\000004\Bostik_001\BOSTIK_001.DCB	445101565	4474	0	1	28845306	26			0	416256259	4448	0
87829	X:\087829\000004\Bostik_Review\BOSTIK_REVIEW.DCB	92725957	1376	0	1	6729453	23			0	85996504	1353	0
87829	X:\087829\000004\Sandvik_Production\SANDVIK_PRODUCTION.DCB	11564381255	95266	0	1	462580169	29			33	11101801086	95237	10
88136	X:\088136\000003\08_04_10_V1.DCB	433198677	156	0	1	433198677	156						
88136	X:\088136\000003\ANGIOSCORE_PRODUCTIONS\ANGIOSCORE_PRODUCTIONS.DCB	14914845931	52447	0	1	330801372	92	4871207699	2618	15	9712836860	49737	11905
88136	X:\088136\000003\ANGIOSCORE_SCANNED_DOC_REVIEW\ANGIOSCORE_SCANNED_DOC_REVIEW.DCB	5999155184	15947	0	1	74293890	36			0	5924861294	15911	1
88136	X:\088136\000003\07_30_10_V1\07_30_10_V1.DCB	27598611	18	0	1	27598611	18			0			
88375.00005	X:\088375\000049\HL_Review\MedImmune_Roelvink_Production\ROELVINK_PRODUCTION.DCB	137017090	775	0	1	6638092	25			0	130378998	750	2
89110.00022	X:\089110\000221\Weiss\WEISS.DCB	2052646	17	0	1	2052646	17			0			
90231.00005	X:\090231\000053\Mxisupplemental6_1_2010\MXISUPPLEMENTAL6_1_2010.DCB	393611468	16114	0	1	2010430	31			0	391601038	16083	0
90231.00005	X:\090231\000053\MXISUPP6_11_2010\MXISUPP6_11_2010.DCB	33744783	366	0	1	1196212	21			0	32548571	345	0
90231.00006	X:\090231\000059\Sabre_Email\SABRE_EMAIL.DCB	15071516	28	0	1	15071516	28			696			
90268.00004	X:\090268\000040\AES_Changuinola\AES_CHANGUINOLA.DCB	23700048931	158257	0	1	386215370	35	6297235037	3164	10	17016598524	155058	1
90268.00004	X:\090268\000040\AES_Production\AESICC_PROD.DCB	1332442934	18357	0	1	52035196	24			0	1280407738	18333	0
90268.00004	X:\090268\000040\Gavilan Native 7-22-11\GAVNATIVE_072211.DCB	18349460	23	0	1	18349460	23						
90268.00004	X:\090268\000040\Gavilan Native MSG\GAV_NATIVE_MSG.DCB	7665841	23	0	1	7665841	23						
90268.00004	X:\090268\000040\Gavilan Production MSG\GAVILANPROD_MSG.DCB	41072640	24	0	1	41072640	24						
90268.00004	X:\090268\000040\Gavilan_Production\GAVILAN_PROD.DCB	13046744397	80576	0	1	149060971	32	367109623	433	2	12530573803	80111	0
90334	X:\090334\000001\PLEADINGS\PLEADINGS.DCB	656627228	15504	0	1	39142722	29			0	617484506	15475	0
90334.00005	X:\090334\000046\Free_Range_Studios_Prod\FREE_RANGE_STUDIOS_PROD.DCB	23234	4	0	1	23234	4			0			
90334.00005	X:\090334\000046\New_Plaintiffs_PILI002\NEW_PLAINTIFFS_PILI002.DCB	34615	5	0	1	34615	5			0			
90334.00005	X:\090334\000046\OVERLAY\OVERLAY.DCB	1545608	13	0	1	1545608	13			0			
90334.00005	X:\090334\000046\Pil_004\PIL_004.DCB	38721	7	0	1	38721	7			0			
90334.00005	X:\090334\000046\PILI001\PILI001.DCB	34615	5	0	1	34615	5			0			
90334.00005	X:\090334\000046\PILNET_Email_Review\PILNET_EMAIL_REVIEW.DCB	34615	5	0	1	34615	5			0			
90334.00005	X:\090334\000046\Razorfish_Prod\RAZORFISH_PROD.DCB	34615	5	0	1	34615	5			0			
90334.00077	X:\090334\000766\NonBill_Brian_Buckley_Brian_Buckley_Document_Review\BRIAN_BUCKLEY.DCB	905846926	2516	0	1	6000076	30	402859557	744	285	496987293	1742	0
90334.00077	X:\090334\000766\NonBill_Brian_Buckley_Brian_Buckley_Production_Database\BRIAN_BUCKLEY_PRODUCTION.DCB	996749511	1518	0	1	2250923	28	174393732	279	0	820104856	1211	0
90334.00077	X:\090334\000766\NonBill_Brian_Buckley_Museum_Production\MUSEUM_PRODUCTION.DCB	3634155	123	0	1	623501	22			0	3010654	101	0
90334.00105	X:\090334\001046\Pili_Chicago_Expert_Documents\PILI_CHICAGO_EXPERT_DOCUMENTS.DCB	555927	17	0	1	555927	17			0			
90334.00105	X:\090334\001046\PILNET_PRODUCTIONS\PILNET_PRODUCTIONS.DCB	78189122	1316	0	1	6092210	29			0	72096912	1287	0
90334.00105	X:\090334\001046\PI001\PI001.DCB	5905164	115	0	1	1309112	32			0	4596052	83	0
90334.00105	X:\090334\001046\PILNET_REVIEW\PILNET_REVIEW.DCB	423031370	6364	0	1	35477037	36			0	387554333	6328	0
90334.00105	X:\090334\001046\PILNET_REVIEW_2\PILNET_REVIEW_2.DCB	680625144	9185	0	1	39025040	31			0	641600104	9154	0
90334.00119	X:\090334\001193\Nonbill_UHAB_UHAB_Production_DB\UHAB_PRODUCTION_DB.DCB	74766628	854	0	1	4289958	28	8996382	19	0	61480288	807	0
90334.00119	X:\090334\001193\Nonbill_UHAB_UHAB_Review_DB\UHAB_REVIEW_DB.DCB	341180537	3365	0	1	13517807	31	68251613	189	0	259411117	3145	0
90334.00311	X:\090334\003110\Raher_Email_Suppprod\RAHER_EMAIL_SUPPPROD.DCB	659507122	7668	0	1	28175290	31	18101248	30	0	613230584	7607	0
90334.00311	X:\090334\003110\RAHER_PRODUCTION\RAHER_PRODUCTION.DCB	280488580	3541	0	1	19766967	34	1589760	3	13	259131853	3504	1049
90334.00311	X:\090334\003110\RAHER_PRODUCTION2\RAHER_PRODUCTION2.DCB	30519404	424	0	1	713614	16			0	29805790	408	0
90334.00311	X:\090334\003110\RAHER_REVIEW\RAHER_REVIEW.DCB	226807677	3311	0	1	9781365	29			0	217026312	3282	0
90334.00311	X:\090334\003110\REVISED_HO003_PRODUCTION\REVISED_HO003_PRODUCTION.DCB	299009879	3617	0	1	15521825	26	8337920	13	0	275150134	3578	0
90334.00311	X:\090334\003110\RAHER_EMAIL_REVIEW\RAHER_EMAIL_REVIEW.DCB	663427085	7672	0	1	30505493	32	19691008	33	0	613230584	7607	0
90334.00907	X:\090334\009065\NonBill_Zeigler_Docs\ZEIGLER.DCB	1332154684	491	0	1	1086999	22	1331067685	469	0			
90334.01038	X:\090334\010383\090334_NonBill_10383_CT_CSD_Database\CT CSD DATABASE.DCB	232610	13	0	1	232610	13						
90600.00002	X:\090600\000023\AMCREV001\AMCREV001.DCB	404464559	2759	0	1	128288674	33	276175885	2726	0			
90897.00001	X:\090897\000007\Pioneer_VOL001\VOL001.DCB	297673991	5278	0	1	22050143	28			203	275623848	5250	0
90897.00002	X:\090897\000017\UNIVAR_PRODUCTIONS\UNIVAR_PRODUCTIONS.DCB	1239042099	15560	0	1	128398803	29	340588806	577	0	770054490	14954	0
98837.00001	X:\098837\000006\HL_Review\BW_Doc_Review -DO NOT DELETE THIS COPY\BW_DOC_REVIEW.DCB	291401423	1316	0	1	291401423	1316						
98837.00001	X:\098837\000006\BMA_PRODUCTION\BMW_EMAIL_PRODUCTION.DCB	115261034	42	0	0	115261034	42						
98837.00001	X:\098837\000006\BMA_PRODUCTION\BWM_EMAIL_PRODUCTION.DCB	115261034	42	0	0	115261034	42						
99762.00003	X:\099762\000033\PDVSA_Pension_Master_Database\SHEARMAN_PRODUCTION_DOCS.DCB	94464638	1722	0	1	8797223	26			0	85667415	1696	0
700999.0001	X:\700999\000130\Citgo\CITGO_Opposing_Production\CITGO_OPPOSING_PRODUCTION.DCB	37713578	46	0	1	37713578	46			0			3402
703711	X:\703711\000001\HL_Review\Beckemeyer_Review\BECKEMEYER_REVIEW.DCB	6160885106	136480	0	1	894465694	54			0	5266419412	136426	0
999999	X:\999999\000001\Nahc_p_002\NAHC_P_002.DCB	3853511	93	0	1	629774	27			0	3223737	66	0
