002383.000014
002423.000002
002510.000004
002514.000010
002749.000001
002813.000001
002943.000002
002943.002944
003156.000001
003540.000114
003866.000002
019061.000005
019199.000002
019337.000102
019582.000017
019752.000004
020793.000002
020980.000002
021728.000007
022627.000009
025274.000015
025593.000008
025593.000011
025593R.000008
025766.000019
026193.000010
026583.000010
026821.000004
027627.000073
027896.000009
027942.000001
028142.000002
029013.000010
029013.000122
029013.000213
029013.000215
029013.000223
029013.000244
029013.000253
029013.000270
029013.000392
029018.000041
029018.000043
029018.000046
029024.000007
029046.000001
029207.000021
029382.000001
029517.000001
029864.000001
030573.000003
030629.000047
030699.000002
031010.000010
031662.000007
031816.000002
033328.000005
033380.000002
033651.000009
033709.000001
034063.000005
034973.000001
034975.000001
034990.000001
035470.000001
035785.000001
035958.000001
036021.000001
036115.000001
036183.000009
036275.000001
036277.000001
036365.000024
036365.000028
036365.000030
036480.000003
036534.000001
036661.000008
036867.000001
036912.000001
036944.000001
037081.000008
037170.000003
037377.000001
037539.000001
037607.000001
037704.000001
037714.000001
038035.000001
038082.000001
038224.000001
038266.000001
038342.000009
038342.000010
038345.000001
038424.000001
038560.000001
038704.000001
038822.000001
038873.000001
039261.000002
039371.000001
039522.000001
039709.000002
039817.000001
040288.000001
040316.000001
056323.000032
057013.000007
057127.000187
057127.000213
057212.000518
057212.000651
057212.000705
057212.000768
057212.000772
057212.000847
057212.000902
057212.000966
057212.000969
058224.000225
058360.000271
058559.000029
058559.000174
058559.000211
059850.000016
059892.000081
059892.000085
060273.000005
060643.000056
061035.000067
061118.000234
061508.000008
061540_CLIENT.000013
061916.000038
061954.000112
062092.000014
062376.000029
062376.000050
062400.000040
062981.000025
063533.000029
063553.000160
065744.000004
066017.000011
066174.000046
066174.000051
066889.000099
068168.000003
068235.000107
068235.000134
068235.000141
068235.000153
068235.000161
068261.000106
068261.000112
068738.000055
068975.000069
068988.000049
069138.000006
075833.000300
080405.000073
080653.000040
080653.000063
080795.000074
080795.000089
080795.000105
080795.000117
080945.000561
080945.000649
081400.000476
081400.000525
081400.000604
081400.000651
081416.000126
081416.000129
081416.000142
081416.000143
081416.000146
081416.000147
081416.000148
081416.000150
081416.000152
081429.000009
081429.000016
082399.000042
082733.000019
083369.000032
085059.000012
085098.000015
085568.000001
086335.000255
087080.000018
087081.000046
087829.000004
088136.000003
088375.000049
089110.000221
090231.000053
090231.000059
090268.000040
090334.000001
090334.000046
090334.000766
090334.001046
090334.001193
090334.003110
090334.009065
090334.010383
090600.000023
090897.000007
090897.000017
098837.000006
099762.000033
700999.000130
703711.000001
999999.000001
