025593R.000008
061540_CLIENT.000013
19061.00001
19061.00001
19061.00001
19061.00001
19199
19337.0001
19582.00002
19582.00002
19582.00002
19582.00002
19752
20793
20980
21728.00001
21728.00001
22627.00001
2383.000014
2383.000014
2423.000002
2423.000002
2510.000004
2514.00001
25274.00002
25593.00001
25593.00001
25593.00001
25593.00001
25593.00001
25593.00001
25593.00001
25593.00001
25593.00001
25593.00001
25766.00002
26193.00001
26193.00001
26193.00001
26583.00001
26583.00001
26821
26821
2749.000001
2749.000001
27627.00007
27627.00007
27896.00001
27896.00001
27896.00001
27942
2813.000001
28142
29013.00001
29013.00012
29013.00012
29013.00012
29013.00012
29013.00021
29013.00022
29013.00022
29013.00022
29013.00022
29013.00022
29013.00022
29013.00024
29013.00025
29013.00027
29013.00027
29013.00027
29013.00039
29013.00039
29018.00004
29018.00004
29018.00004
29018.00004
29018.00005
29018.00005
29024.00001
29024.00001
29024.00001
29046
29046
29046
29046
29046
29046
29046
29046
29046
29207.00002
29382
2943.000002
2943.000002
2943.000002
2943.002944
29517
29864
30573
30573
30629.00005
30699
30699
31010.00001
3156.000001
31662.00001
31816
33328.00001
33328.00001
33328.00001
33380
33380
33380
33651.00001
33709
34063.00001
34973
34973
34975
34990
3540.000114
3540.000114
3540.000114
3540.000114
3540.000114
3540.000114
3540.000114
3540.000114
3540.000114
3540.000114
3540.000114
3540.000114
3540.000114
3540.000114
3540.000114
35470
35470
35785
35958
36021
36115
36115
36115
36115
36183.00001
36275
36277
36277
36277
36277
36277
36277
36277
36277
36365.00002
36365.00003
36365.00003
36480
36534
36534
36661.00001
36867
36867
36867
36867
36867
36867
36867
36867
36867
36867
36867
36867
36867
36867
36867
36867
36867
36867
36867
36867
36867
36867
36912
36944
37081.00001
37081.00001
37081.00001
37081.00001
37081.00001
37081.00001
37081.00001
37170
37377
37539
37607
37704
37704
37714
38035
38035
38082
38224
38224
38266
38342.00001
38342.00001
38342.00001
38342.00001
38342.00001
38342.00001
38342.00001
38342.00001
38342.00001
38342.00001
38342.00001
38342.00001
38342.00001
38342.00001
38345
38345
38424
38560
3866.000002
38704
38704
38822
38873
38873
38873
39261
39371
39522
39522
39709
39817
40288
40288
40288
40288
40288
40288
40288
40288
40288
40288
40316
56323.00003
57013.00001
57127.00019
57127.00019
57127.00021
57127.00021
57127.00021
57212.00052
57212.00065
57212.00065
57212.00071
57212.00071
57212.00077
57212.00077
57212.00077
57212.00077
57212.00077
57212.00077
57212.00077
57212.00085
57212.0009
57212.0009
57212.00097
57212.00097
57212.00097
58224.00023
58224.00023
58224.00023
58360.00027
58559.00003
58559.00003
58559.00017
58559.00017
58559.00017
58559.00017
58559.00017
58559.00017
58559.00021
58559.00021
58559.00021
58559.00021
58559.00021
58559.00021
59850.00002
59850.00002
59850.00002
59850.00002
59850.00002
59850.00002
59892.00008
59892.00008
59892.00009
60273.00001
60643.00006
61035.00007
61035.00007
61035.00007
61118.00023
61118.00023
61118.00023
61118.00023
61118.00023
61118.00023
61118.00023
61118.00023
61508.00001
61508.00001
61508.00001
61508.00001
61916.00004
61954.00011
62092.00001
62092.00001
62092.00001
62092.00001
62376.00003
62376.00005
62376.00005
62376.00005
62376.00005
62376.00005
62376.00005
62400.00004
62981.00003
63533.00003
63553.00016
65744
66017.00001
66174.00005
66174.00005
66174.00005
66174.00005
66174.00005
66174.00005
66889.0001
68168
68235.00011
68235.00011
68235.00011
68235.00013
68235.00014
68235.00014
68235.00014
68235.00014
68235.00014
68235.00014
68235.00014
68235.00014
68235.00014
68235.00014
68235.00015
68235.00015
68235.00015
68235.00015
68235.00016
68261.00011
68261.00011
68261.00011
68261.00011
68261.00011
68261.00011
68261.00011
68738.00006
68975.00007
68975.00007
68975.00007
68988.00005
69138.00001
69138.00001
69138.00001
69138.00001
69138.00001
69138.00001
69138.00001
69138.00001
69138.00001
69138.00001
69138.00001
69138.00001
69138.00001
700999.0001
703711.000001
75833.0003
75833.0003
80405.00007
80405.00007
80405.00007
80653.00004
80653.00004
80653.00004
80653.00004
80653.00004
80653.00004
80653.00004
80653.00004
80653.00004
80653.00006
80795.00007
80795.00009
80795.00011
80795.00012
80945.00056
80945.00065
81400.00048
81400.00048
81400.00053
81400.0006
81400.0006
81400.00065
81416.00013
81416.00013
81416.00013
81416.00013
81416.00014
81416.00014
81416.00014
81416.00014
81416.00015
81416.00015
81416.00015
81416.00015
81416.00015
81416.00015
81416.00015
81416.00015
81416.00015
81429.00001
81429.00001
81429.00001
81429.00001
81429.00001
81429.00002
82399.00004
82399.00004
82733.00002
83369.00003
83369.00003
83369.00003
85059.00001
85098.00002
85098.00002
85568
86335.00026
87080.00002
87081.00005
87081.00005
87829
87829
87829
88136
88136
88136
88136
88375.00005
89110.00022
90231.00005
90231.00005
90231.00006
90268.00004
90268.00004
90268.00004
90268.00004
90268.00004
90268.00004
90334
90334.00005
90334.00005
90334.00005
90334.00005
90334.00005
90334.00005
90334.00005
90334.00077
90334.00077
90334.00077
90334.00105
90334.00105
90334.00105
90334.00105
90334.00105
90334.00119
90334.00119
90334.00311
90334.00311
90334.00311
90334.00311
90334.00311
90334.00311
90334.00907
90334.01038
90600.00002
90897.00001
90897.00002
98837.00001
99762.00003
999999.000001
